1 0.2332909448 -0.012200004
1 0.5678772965 -0.44567653
1 -0.829246905 -1.582080759
1 -0.835384057 -0.692884523
1 -1.352862497 0.3343901995
1 1.177814336 -0.627352808
1 0.2184913687 1.7891645065
1 0.3203387955 -0.921577707
1 -0.559994618 -0.324590659
1 -0.196092743 0.7308937415
1 -0.372537376 -0.551083925
1 0.6529392242 -0.730791951
1 0.5450493462 -0.229521437
1 -1.95740654 1.6239602383
1 -0.183701527 0.0357254934
1 -0.205093357 -1.917215486
1 0.1091433291 -0.721659474
1 0.8173669225 1.3037070939
1 -1.343926728 -0.638519127
1 -0.020606099 -0.384295951
1 0.5485157808 0.5847931588
1 -0.710127768 -0.900870495
1 0.4697546054 -0.916633522
1 0.8193943818 -0.145332363
1 0.7798906474 0.9278346473
1 0.4377793801 -0.711967348
1 1.1217881747 0.3680516871
1 0.7528706781 -0.313891623
1 0.07508161 -0.49151872
1 0.1176449582 0.5385367749
1 -0.565541855 -0.208187081
1 0.4850574406 -1.013242223
1 0.3076116367 0.0990289647
1 0.3060183931 0.3316572323
1 -1.681966461 -1.671370351
1 1.1135275997 2.0903199377
1 0.6841920086 -0.361851339
1 0.7330315586 1.724824687
1 -0.208242485 -0.157698516
1 -1.117842606 -1.886858101
1 -0.786278427 1.723545136
1 0.2946889842 -0.286098294
1 0.1985104796 1.1378892599
1 -0.892425575 -0.941984634
1 -0.181542006 -0.125250406
1 -0.429210682 -1.581858273
1 -1.101339517 -2.08255648
1 1.6018935509 1.0657408866
1 -1.498330353 -0.132973632
1 -1.851141983 0.6117402272
1 1.7311819107 0.5883142108
1 -0.611271309 -0.275848565
1 0.3083278401 -1.391616908
1 1.2112060894 -0.948563998
1 0.3573675429 0.5156971638
1 2.1213373282 0.0642649863
1 -0.563476827 -0.427172212
1 -0.173107408 -0.448290773
1 -0.75890208 -1.833015325
1 0.4861900015 2.624372751
1 1.8507245917 0.3196565584
1 1.4377983357 -0.035598206
1 0.5413715311 -0.474295491
1 -1.09841256 0.3054311251
1 0.7155156135 0.5789696022
1 0.5517678648 1.0766466795
1 0.7463987269 -1.180828954
1 1.020527025 0.257875828
1 -0.056929746 -1.547385711
1 -1.364772992 -1.883806115
1 0.824421532 0.5583812671
1 0.07430388 0.0072200316
1 -1.373421194 -0.438936457
1 0.0375733923 -0.970508069
1 0.5964854116 -0.543283621
1 -1.039096906 1.3647679685
1 -0.329140832 0.1645233713
1 0.0832453619 -0.280041811
1 -0.145121321 -0.176080548
1 0.6801887354 -0.399019113
1 -0.92545481 -0.77998724
1 -0.108910242 2.27197053
1 0.9599200605 0.3195461723
1 0.1890150037 0.142789772
1 0.2920336623 0.4342508854
1 0.1621184809 -0.124984134
1 0.7637453881 0.5823310224
1 2.0270189317 0.4202772802
1 0.7660741205 0.479489073
1 -1.112835958 -0.615876332
1 0.4018647989 1.2290663098
1 -0.591899136 2.5871236076
1 0.1537713763 -0.344981884
1 1.5873282133 -0.245404027
1 0.1371117206 0.2034570602
1 -1.25867109 0.318965525
1 0.2193883015 1.0475480219
1 0.2028311335 0.2817697823
1 -0.327658121 0.2474150903
1 -0.231479835 1.2457137997
1 0.1889110141 1.4862080041
1 0.0602777166 -1.290273163
1 1.0928381651 0.977025882
1 -0.464130886 1.2171043586
1 -0.444979426 0.0654520238
1 -2.130913067 0.8039889645
1 -0.046332875 -0.27493115
1 2.1584058894 -0.479030569
1 0.0591881365 -2.389358439
1 -0.905508107 -0.159128845
1 0.5746063718 -1.96341253
1 -0.250521469 -0.324521836
1 -0.808554 1.1914826198
1 -1.269692907 1.5078239898
1 -0.688701663 1.1958017661
1 -0.543472186 1.8317509558
1 1.3319278888 0.5914176672
1 -1.189859686 -1.866565012
1 0.2105618878 -0.031682297
1 -0.46716746 0.6709493451
1 -1.43831213 1.1233189561
1 -1.025812399 -0.317208863
1 1.0372161371 1.787732163
1 -0.733870605 -0.073242159
1 -0.277204597 -0.805489596
1 -0.880267092 -0.497001377
1 -0.910969549 0.9078134127
1 0.6015420014 -0.688703019
1 -0.337768067 0.5914440302
1 0.6939462205 1.5989550684
1 0.8035132952 0.7589256472
1 -0.62183762 -1.672590115
1 0.7645436878 -0.203322219
1 0.2826448446 -0.598867849
1 -0.188796169 -0.19609717
1 -0.128133288 -0.458105851
1 -0.310249889 -0.431442054
1 -1.430138096 0.2366377723
1 -0.789136547 0.9238723553
1 1.2557903509 -0.837224547
1 -1.575429482 1.3294513386
1 0.4604397243 -0.940468202
1 0.053566975 1.5222257583
1 0.6799603949 1.0391385886
1 -0.516418089 -0.097676841
1 -0.387177438 -0.733172301
1 1.4896107376 0.1823423439
1 0.3502770342 -0.300553232
1 -0.221588006 0.3702177107
1 -0.764804334 0.069130818
1 -0.023849508 -0.507371184
1 -1.477123323 -1.083586632
1 -0.549455882 1.0343837622
1 -1.45851288 1.1523483034
1 0.2123698757 -0.662483257
1 -0.093131244 0.5801238407
1 -0.231891806 0.0874985338
1 -0.483124564 0.3208628187
1 -0.876388736 -0.123939697
1 0.34802934 -0.442597256
1 0.4747117855 -0.457317525
1 0.3125437418 0.1105616905
1 0.1853881252 -1.001312516
1 -0.243507917 -2.943500791
1 -0.725660299 -0.741359863
1 -1.371905742 1.5199183145
1 -1.496982423 0.2293995496
1 1.9852478857 0.2140450223
1 0.1412014387 -0.420001846
1 0.9875664336 -0.362613061
1 -1.034333398 -1.515256575
1 1.0350166846 0.1629893812
1 0.1451554161 0.0682598282
1 0.3620132198 -0.62223959
1 0.2321212795 0.9825597584
1 0.8961233103 -0.456518649
1 -0.002644025 -0.655911566
1 -0.444898557 0.2857903262
1 -0.787334023 0.228651815
1 -0.392535249 -0.808930475
1 0.2440561996 0.0011591395
1 1.019316461 -1.653895385
1 -1.579458331 1.1578383447
1 -1.091546859 1.407747709
1 -1.227874717 -0.948661666
1 1.822859249 -0.726116176
1 0.5989107851 -1.07590095
1 -0.002065913 -0.091482198
1 -0.405791877 1.9046020795
1 -0.724279311 0.5513862688
1 1.1666624844 -0.681903979
1 -0.718585339 0.4552186581
1 -1.272822454 0.7624988566
1 1.4659534384 0.0283597955
1 2.3147817579 0.0702257359
1 0.2267009794 2.3459858322
1 0.8090030273 1.2911459427
1 -0.878577396 -1.82652869
1 -0.437760033 -0.277219574
1 0.2391968523 0.9844674206
1 -0.654826966 -0.048163865
1 -0.561850502 1.1045965333
1 -0.27174358 0.7557713297
1 0.0990318606 2.0834555758
1 -1.250059092 0.2621863941
1 1.6622483543 0.2537209362
1 0.4317685366 -0.041988676
1 0.5949977111 0.1496967584
1 -1.5891643 -2.600887024
1 1.0335047355 1.1246455923
1 -0.064090058 -1.122360964
1 -1.639294637 0.4811020624
1 0.9386355369 2.7253853552
1 0.8527785398 0.600688393
1 -0.598023756 0.401477478
1 -1.203060077 2.1369994456
1 -0.162927305 0.4245409914
1 0.6876119715 0.5955096597
1 -0.17224176 -0.267552086
1 -0.179875233 -1.191154201
1 0.2991069875 0.2188239148
1 0.0279416488 -0.410820866
1 0.3752990786 1.6612696551
1 0.1774341155 -0.079630949
1 0.3861126177 0.1375744488
1 0.0308875806 0.7187226409
1 -1.230891163 -0.347573301
1 0.7067642176 -0.872838754
1 0.3563496487 2.5660634013
1 -0.492899503 0.109447076
1 0.0913257208 -1.280108102
1 -1.455173492 1.2857624473
1 -1.769860766 -1.90379344
1 -0.146418034 0.4481377718
1 -0.514650746 -0.310118671
1 0.5043714475 -0.163295896
1 -0.890628074 -0.386069101
1 0.2537885149 -2.395896106
1 1.6965476177 0.5381736267
1 -0.838212465 -0.201643945
1 -2.91901563 0.4144923711
1 1.2445273437 -0.23229681
1 -1.741785439 0.8256787872
1 -1.990274234 -0.415709897
1 0.8505537035 0.3372995352
1 0.0224320099 1.28919025
1 0.0427805557 -0.981346069
1 1.3179130786 -1.261976474
1 0.0480938175 -1.781944486
1 -0.096824056 -0.832686101
1 1.4706499964 0.9338462724
1 0.6242162499 1.2848184198
1 -1.257420672 -1.515637469
1 1.6110035491 1.0943244975
1 1.7163642868 2.1188711692
1 3.0088556308 0.7458062178
1 0.87286767 -1.244898201
1 -0.254217962 -0.779307542
1 -1.036137143 -0.07189896
1 -0.661264452 0.7047823773
1 -0.139786883 -0.168063082
1 0.2258825368 0.9615568427
1 -1.128913061 1.1951463936
1 -0.072407166 0.1024948597
1 0.3307368833 -1.194734398
1 0.0178571986 0.8601304363
1 0.1627726146 1.7715092469
1 -0.359499878 0.0011462604
1 -0.846144326 -0.421222095
1 -0.009878413 -0.687895515
1 1.7160009341 -0.340699786
1 -0.33392134 0.155165106
1 -0.098136904 1.7896689788
1 1.1059255299 -0.076177788
1 -1.873216488 -0.714236492
1 1.5099177436 0.2076393264
1 1.2355880238 1.6907759344
1 -0.102797503 -0.335954232
1 0.6670218356 -1.098423831
1 -0.754926218 1.0164407915
1 -0.40069531 0.7848937987
1 0.3818793236 0.4940731855
1 1.5679403873 -0.676576278
1 -2.41289055 -0.672021033
1 0.3740876873 2.821347687
1 0.5303503083 -1.112555713
1 0.0691339746 0.67557925
1 -0.10409386 -0.501596808
1 -1.359162136 0.1043658977
1 -0.33598276 -0.566438622
1 -0.065628312 -0.638122177
1 0.6319296635 0.0622249841
1 -1.581783825 -2.673144249
1 -0.57545746 -0.560496145
1 -0.04420129 -0.337002368
1 -1.22302027 0.7665645782
1 -0.218871566 0.1097590291
1 1.0803496021 0.2688565542
1 -0.472933694 -0.262477973
1 0.743978704 0.0428517611
2 7.4459759731 1.5498302141
2 -7.10810871 -0.51718197
2 3.5509345937 6.3582239217
2 8.6026490341 2.4962647666
2 0.9911551143 6.0216750499
2 2.0144983674 9.9251912318
2 -9.581067425 1.0493945233
2 7.7339481114 3.4854615934
2 8.850004531 0.5455022231
2 -9.023380876 -3.429631846
2 9.2319580136 0.1514359995
2 5.2780373438 -2.11773604
2 -1.668087659 -7.152657785
2 -8.558554223 -0.530168815
2 -7.692438333 4.2432100744
2 -3.322017605 6.4045767706
2 6.6991629248 1.1617767301
2 -1.99669748 -8.513242761
2 -3.50380159 -6.250732547
2 -1.306936314 -8.891987053
2 -1.253870961 -7.737150075
2 -7.164207157 2.029340868
2 5.7028807956 5.9367311895
2 3.0312432137 -6.727538026
2 3.2614751798 8.1066385443
2 -5.887982976 -9.002024322
2 8.8521583803 0.6120757258
2 -7.973545466 3.9662237861
2 9.3041795443 1.4429384209
2 7.2249361964 -4.205701425
2 -5.465507499 0.929590997
2 5.9310470863 1.1596809527
2 -4.960861325 4.53118967
2 -7.001640491 3.0580825516
2 -6.739736999 -5.432751287
2 9.7425465689 -0.126829993
2 9.2430280945 3.523847818
2 9.2920023971 3.6018910377
2 -0.103234484 7.0816946115
2 3.8095736089 7.6099889017
2 4.8022161183 -7.406656504
2 3.1292610591 -8.429822963
2 -7.669596719 2.4524686165
2 1.7520367111 7.4777048708
2 7.0225313225 -3.396905348
2 -7.862941435 0.2866497255
2 -7.369202006 -3.496574963
2 -1.883773364 -8.697794458
2 -5.194575065 7.8012055245
2 6.183602313 0.8018139126
2 -4.910448647 8.554437605
2 6.4018819533 6.4923270064
2 -2.997533143 -7.366225815
2 8.0859680422 -0.774452926
2 9.295424732 4.5751515698
2 -7.42063986 2.467586704
2 4.854198942 -6.412435824
2 -3.930307489 -6.811973811
2 5.984988478 -3.753572744
2 8.5673163331 -2.246398491
2 -6.209287332 3.7612283644
2 3.1622091247 -8.94860186
2 -0.127139546 7.1973511236
2 -7.175362591 -3.83482123
2 -7.767637551 0.4914257965
2 -1.273980047 -7.212532521
2 -7.95787334 -0.828560047
2 4.6650842437 6.7737496949
2 -7.878968384 1.2306350083
2 -9.449624381 3.3198093602
2 7.4930332111 -1.598122883
2 5.9746089373 7.045218288
2 -6.499361564 0.1581941311
2 -8.28198433 3.4796941948
2 5.2750481523 -5.287845253
2 -4.981897714 -6.032622054
2 4.5334712309 -3.74148708
2 -3.581575834 3.6077912713
2 -5.301790338 0.6473704921
2 -4.8147479 -6.60198432
2 6.4393796886 -3.66312773
2 -1.679689481 -7.973359954
2 7.241806094 -2.868561883
2 -3.584392392 6.5181086171
2 -3.810275246 -7.172009874
2 -3.550719444 7.2705863047
2 5.5430828878 -2.11188242
2 -5.453960232 5.1166186957
2 0.2804878263 -7.131022476
2 -6.70332807 -4.102763163
2 3.3156705658 -6.726541276
2 1.981537054 9.0873159662
2 2.7912259544 6.6659344427
2 -6.593902003 2.0247139575
2 7.3957970522 -2.286967841
2 7.5867574795 3.873502669
2 0.4131510351 7.6588175375
2 0.1212042551 8.5850053526
2 2.4042497497 5.9016092232
2 6.0202729989 0.5084409844
2 -0.792264095 8.0331178231
2 2.7990789013 6.6535325194
2 1.8368161659 9.5909777015
2 -5.560921766 6.1489672037
2 -3.821117866 3.6467159921
2 -3.203615872 5.2176017949
2 -4.273885402 8.4620214574
2 1.4193230171 6.7174107245
2 -6.424562433 -8.094719678
2 4.3951782012 -9.480291871
2 -6.706031677 2.013748365
2 5.436511667 -3.276424393
2 4.5418105589 -4.161681946
2 2.6337761674 -7.304252577
2 -7.68983388 4.1257974383
2 5.5052829893 4.634017273
2 -5.932539667 -3.933698099
2 -8.008542448 1.1358598439
2 7.7840777224 -3.064331544
2 -7.558066705 -0.492488054
2 -7.436763746 -1.317447282
2 5.5919381737 -4.625561177
2 2.8367292706 -6.167944397
2 8.8933820383 1.3060770007
2 -4.2009924 -7.695453928
2 -7.877807101 1.9652185637
2 7.3931132663 3.6208938288
2 5.0648498969 -6.932750517
2 -3.502477547 -6.312172876
2 9.6724080471 -1.929015255
2 1.9591793757 -7.522938006
2 -7.874377261 -1.460471186
2 3.3901556046 6.6246073863
2 5.9032724799 5.7590192649
2 -7.983586662 -2.0492122
2 -5.247901794 -3.659699849
2 3.1054366899 5.8570754869
2 -2.0150953 -8.679680864
2 0.3173631969 -6.960027904
2 5.8450739563 -5.057477704
2 2.0803096609 9.9636167432
2 3.6750561157 8.5201909295
2 -1.284242957 -8.295319879
2 -3.613190143 -5.74619688
2 -3.108970315 -7.022224548
2 8.1964800757 2.5129809404
2 6.6129977171 -4.181029024
2 -7.566370691 4.8826084501
2 1.5651184717 6.7862453786
2 -7.146094618 -0.599444623
2 5.2504628387 6.084136481
2 -7.372118083 4.5464597682
2 -5.264264506 -5.179583744
2 -5.127059261 8.2903390828
2 8.2263160388 -3.878863433
2 -8.472466097 -2.692588426
2 8.9141806143 -1.385102962
2 -7.325964383 2.7681593175
2 7.0329025229 4.937819741
2 -4.414776884 6.8768903084
2 -1.454666957 6.9322540338
2 4.8350181875 4.8371381165
2 8.2538057787 2.7851277746
2 7.7626842123 -1.934212434
2 -6.579785929 -4.844834121
2 9.3227001187 1.3285340226
2 7.6398264881 1.0441559882
2 -4.271039687 -7.053027896
2 -5.210879057 -7.926816597
2 -0.515871635 8.9588906471
2 -7.793611247 1.0605705069
2 7.8572422362 -1.163765948
2 6.2904116985 2.2161132879
2 6.3341498392 0.049766012
2 -6.282445819 4.7961939923
2 2.7085763556 -8.255992679
2 -0.872784312 -6.996631779
2 -1.004961484 -9.021726073
2 5.3674966959 5.7063751087
2 7.4623216013 0.6824010562
2 4.3999414699 -6.158621036
2 -5.905195923 7.8782378542
2 1.585918552 5.9366399292
2 7.2777401819 -4.544196957
2 7.4270455019 -2.954393077
2 -1.200925755 7.6823059201
2 -6.117217215 5.1663781768
2 -4.827901484 -6.432969833
2 -8.106632985 1.8102510577
2 -5.253572099 -4.309783339
2 5.8769988101 1.9256869733
2 1.5684879733 9.6282626323
2 1.9587652443 -7.608442239
2 -5.040954341 -6.064071014
2 -0.204681986 6.1331517194
2 -3.555072777 -5.806294089
2 -2.031374454 -8.961776662
2 7.3038170685 0.8157290458
2 -2.462411404 8.1656487014
2 -2.908804685 7.5413509506
2 -2.814177367 -6.577650656
2 8.4413521746 -2.31899897
2 -4.33824639 5.2139466698
2 -8.2472297 -0.861011063
2 -7.809216419 2.1751185076
2 1.6601504887 -8.532074738
2 2.6958947349 -6.272007071
2 8.6484381271 0.0015647123
2 6.3089271147 6.3125224753
2 -8.056562223 2.5681532541
2 1.8080607328 6.5039529994
2 -7.128415471 4.7354997363
2 8.2346271598 1.9699083133
2 -4.114978816 -4.827145348
2 6.6738934797 -4.092179135
2 6.4435672229 -3.323460386
2 -8.145643188 -4.986570004
2 -4.792808063 5.9537292575
2 -8.124377953 -4.85042918
2 -3.851978848 -6.504877667
2 -7.406270725 5.7185323385
2 -5.973840982 5.3234489768
2 -0.882987401 7.3165956333
2 3.5202441263 7.222489392
2 7.1494642893 4.2580108832
2 7.6858573209 0.7357474349
2 -6.507292192 4.4724287564
2 0.0065325517 -6.887652017
2 -4.42636428 5.7344149922
2 6.4424907982 1.9045534871
2 -5.036844636 -4.809603129
2 3.4309908771 -6.195971129
2 2.4198263445 9.3245635812
2 -6.22798175 3.9762338469
2 3.2938167442 -6.652285536
2 -5.564299735 -5.216426401
2 2.4828218345 -7.24772241
2 1.4207006358 -8.233090033
2 -7.066850503 -1.066497086
2 6.9897596949 -4.773184899
2 -8.941401133 -4.633964657
2 -7.249544525 -1.891669562
2 -0.583683042 8.5207104325
2 -5.876593386 -6.068770005
2 -6.924462954 1.529106527
2 -7.418561248 6.9127019512
2 -3.582183043 5.84129589
2 -6.45656897 -4.209117234
2 -4.772678375 7.6490105861
2 2.8970372672 -7.93567447
2 -7.820091936 0.2311629103
2 -6.509871279 -5.116556074
2 -4.581664037 -6.982293224
2 7.7111197375 -1.125789932
2 7.8148767207 -0.98643824
2 3.3532695065 9.0660756876
2 -1.618545451 -8.072187826
2 1.6182534838 7.3057764185
2 -5.689279306 6.4598422871
2 -8.616840886 -4.987926205
2 5.9038708327 5.1896918201
2 2.9733225515 -5.504089004
2 -3.24170337 -6.690099835
2 -0.242556329 9.2612792904
2 -6.388309366 1.3864425816
2 7.1613071111 -2.20726376
2 -4.602169933 8.0110289511
2 2.1259407505 -7.218119897
2 9.2337444162 -1.150612027
2 -6.33601432 4.5300344073
2 -2.150010051 8.4550977167
2 7.3794712406 2.7675292633
2 -7.313034087 4.3999575507
2 3.2834258645 -6.434570955
2 -7.049149994 -5.704172126
2 2.5428237973 6.6176023606
2 -4.721483514 -6.120184681
2 0.8148757655 6.4437686879
2 6.9737715497 3.2218772961
2 -2.726827066 -7.649296584
2 -0.309549336 -8.974932233
2 6.8902906866 -2.991498106
2 6.6734838823 -3.002194615
2 0.2155171616 8.3431805824
2 10.104030776 1.0734692964
2 -6.515683174 -4.552943871
2 1.2049109374 -7.019514744
2 -1.429693075 7.4193256154
2 3.886069795 5.315194615
2 -7.374024669 -0.731293099
2 -2.335637823 -8.45243252
2 8.1186999512 -3.899366304
2 8.4383023844 2.8393880015
2 7.7401140651 -0.198250609
2 3.6362303031 7.186100386
2 -3.173775692 -7.569225037
2 2.0756408031 5.9367649551
2 2.3440094625 7.3736338494
2 -6.616693407 3.889731215
2 -4.750706144 -6.439885937
2 0.0389830054 -8.818181931
2 -2.021987616 -7.072140677
2 -6.4201095 3.7440141219
2 -4.972193542 5.6966513697
2 3.2604351687 9.4005903977
2 8.072648095 -0.409145116
2 4.1701860133 6.7962441005
2 -8.447815994 -3.01424865
2 2.0428990534 -7.522281515
2 -7.317122624 -3.862454407
2 7.7295256113 0.72843179
2 5.7219890717 6.0803136445
2 -5.475563695 -5.078193985
2 -0.171729671 7.8669312503
2 3.0635008762 -5.10309365
2 4.8805163227 7.4254333748
2 -6.922844999 -4.165680344
2 7.0799491942 0.7928386053
2 7.3663433778 -0.51204049
2 2.8803780591 -7.417993486
2 1.7534030506 -7.713411352
2 4.6295956285 8.0785772056
2 2.8982912606 -8.581262467
2 8.1175237974 -2.828389074
2 5.2441505595 4.9357004208
2 -1.290561988 5.6134061262
2 1.5941123597 -6.513912016
2 4.6891681418 -6.682121278
2 7.6732987512 3.6149010776
2 2.1013078309 -7.010847694
2 6.4377289926 -4.724227774
2 7.3760860675 -0.75032016
2 -7.74193023 4.8181957086
2 -9.013809877 -2.31243085
2 -6.217052594 -6.023785714
2 -3.801025155 8.1570733602
2 3.4518146559 6.2441620722
2 8.3376462836 1.4636345643
2 6.7802776144 -1.59256909
2 -6.214045164 -4.124964184
2 -2.576242472 8.1897526831
2 1.1576367757 7.6126819252
2 -2.080587225 7.8241647689
2 -8.451579438 -1.407838476
2 8.3621563836 -4.124381217
2 -5.637811 6.0108621181
2 -2.831350737 -5.949799614
2 2.9598780495 7.3030733238
2 7.7150929293 1.0412256474
2 -8.341111694 -2.88891314
2 6.9150125869 -3.474144915
2 7.4773942013 0.583548366
2 7.1957446299 4.139915719
2 -0.518925778 6.8388902416
2 6.8629590013 -4.574196073
2 6.8463036371 1.4288892219
2 4.3479921684 -7.236104935
2 -10.06694059 3.0276003107
2 5.6373168564 5.2302402304
2 -4.70753704 -5.583450923
2 -6.431756232 8.0065577331
2 6.7948710584 3.8926013923
2 -3.965846667 -4.909664741
2 -7.998154675 2.2246090615
2 -5.945205049 -7.423303466
2 -3.20492919 -7.095092958
2 7.8486725867 2.5443467437
2 -4.196678468 -8.095146538
2 2.9346175521 5.7067681076
2 8.0153447884 2.9560924846
2 -3.07837206 -6.283348138
2 1.0082482136 8.7602308859
2 4.1072344926 6.4171229186
2 -1.908101806 -5.798550024
2 -7.966669178 4.4195875189
2 -5.496445883 5.5019087541
2 -8.65388978 -4.387841982
2 -6.906406953 -3.61082969
2 2.5416340178 7.0190806942
2 7.8568755582 -1.10761046
2 7.5732431234 0.288844913
2 6.705050075 0.023775174
2 -5.016116483 -6.824740049
2 0.0562184074 6.8051017049
2 -5.351660321 -2.877244943
2 5.3199285174 7.0439216657
2 -9.235043952 0.586892585
2 2.5383309331 8.4428924956
2 5.8827546692 5.1090359799
2 -0.495463094 -7.131326609
2 -5.968876783 3.5894598764
2 -6.98944796 5.2066010229
2 7.3343666445 -2.751319228
2 5.6631328482 5.3346396268
2 -7.277674276 4.4584245514
2 -1.667783074 6.3957899603
2 -7.414802284 -2.378759642
2 4.8161469169 -6.984138614
2 -7.135322072 0.9587124495
2 9.3320600544 -1.620593604
2 8.7639066339 0.2973527261
2 1.0667239352 -7.133455638
2 -7.245427852 -5.615864618
2 -3.508896175 8.1397060885
2 -2.267933448 9.1009031912
2 -3.538205659 8.1209915991
2 7.2048712875 3.6174920452
2 -7.895443747 0.041418473
2 6.5513180881 -4.782614116
2 -6.451248744 5.1690097046
2 4.3494790532 6.4904995076
2 6.3639719199 -5.538137501
2 6.221985325 -4.725744543
2 -7.770642663 0.7337418068
2 -2.332773564 -9.20695667
2 -8.619580261 0.3775306517
2 -0.966538824 -8.837737549
2 -6.546774261 3.3409067327
2 -3.379636228 5.7455423455
2 -7.901521846 4.8591381332
2 4.8017974252 -5.315880328
2 2.1521239636 -6.557498823
2 -0.267203345 7.5063027611
2 -5.311524874 -7.875173016
2 5.9041409806 -4.61795816
2 -7.434023714 -5.002887373
2 6.8009988571 -4.85998845
2 6.5921737929 -6.520460269
2 2.913966048 -6.941411173
2 -6.994584816 -5.05814683
2 2.564893227 8.0802701178
2 1.4759381204 8.5266725326
2 -3.582444215 7.3878254599
2 -8.130488274 -5.586074526
2 -7.547073572 2.8165704343
2 1.6922406262 -7.685421747
2 -9.313242275 -3.755401207
2 4.3109625824 -6.331755375
2 -0.856253144 6.3539908836
2 7.3679994253 -2.076925524
2 0.7392244664 -9.027604244
2 4.9886351652 3.1110776594
2 -7.738522734 4.1750364406
2 -6.97288385 1.117592806
2 6.0158557699 -6.481690402
2 -8.533373123 1.7414013021
2 4.968411277 -6.712505329
2 5.9388038094 -5.401479227
2 -7.532844881 -5.272112523
2 -1.005143932 -7.421760749
2 -8.565545988 -0.20668961
2 8.3384821731 2.7534096569
2 5.8979484638 -4.587666287
2 -2.970061782 7.5260651422
2 -1.95283648 -6.286402058
2 6.8325686037 -2.087685314
2 3.6804595094 -4.954241733
2 -2.275681209 7.6803861293
2 6.3641793156 -3.527856977
2 2.1729724282 -6.631002608
2 -4.541690445 -7.612561482
2 -1.202544437 -8.572231655
2 1.4758068018 7.6994245103
2 -0.519986932 6.1691856515
2 1.4298062353 -7.711911744
2 4.1434812462 -6.25152774
2 8.8246885354 3.3414693234
2 8.2599233454 -1.359554477
2 6.1698512536 4.6817005491
2 -6.714357261 -1.992795536
2 -5.851445648 5.8011709746
2 -4.866715553 7.2213384812
2 -3.699260608 -6.103559185
2 0.6465244233 8.6546451833
2 2.8221683941 4.8137532408
2 -5.75456081 6.6795727499
2 6.2657733898 1.0154620527
2 3.106886997 -6.80820118
2 -2.805011983 7.2893235269
2 -6.361450764 4.229796831
2 -6.65556368 -1.437764488
2 5.763290352 4.870940698
2 -0.377566976 -7.885186473
2 7.5072800336 -4.629245915
2 6.2831463913 7.0164645045
2 6.437595013 3.4749169227
2 -2.9948096 6.9275159963
2 5.180960217 -2.642105094
2 -3.636517552 6.3960640578
2 -3.316721226 -5.977525333
2 -2.799153092 -8.066847739
2 6.146288008 -5.871469787
2 6.459035446 -0.093865184
2 6.9355818638 4.9156181298
2 -3.86525018 6.6092362817
2 4.3712134074 -5.603432062
2 3.8488985688 6.7620393251
2 -1.727558898 -7.00484551
2 0.4387150965 8.5459259694
2 8.2602883615 0.9115018016
2 -1.255065663 6.4744529743
2 6.0230358999 2.4759711037
2 -8.338343499 1.0090149781
2 7.3365797452 1.02248992
2 -2.669237211 5.5411041401
2 -5.071082934 -5.614454383
2 5.9836125933 3.1379810909
2 7.259830634 1.8459679907
2 7.9472160203 0.4251393789
2 7.3447201645 3.1038233178
2 2.210666165 -7.802144412
2 -5.81715881 6.6362323606
2 1.4185702009 -8.428401198
2 0.1393145847 6.8084816679
2 8.7635625469 -2.058100102
2 5.7364122786 -4.843265204
2 -2.600178899 -7.466835284
2 -3.792966691 7.4134973824
2 6.1448762567 3.1720867407
2 -6.604367251 -2.816344106
2 -7.248671194 3.9953085156
2 2.9888788859 -6.473705486
2 6.8424532119 -1.945383698
2 -3.03842678 -8.499435016
2 -3.393814145 7.7520231226
2 0.1162582442 -7.790072536
2 -7.881702441 3.6427606688
2 -7.32926717 0.4434719609
2 -4.509063443 -6.445034071
2 -7.368989097 -5.026834545
2 -7.373952419 -1.928693816
2 -3.308566344 6.2829663853
2 -0.038573421 -6.952898067
2 0.3673853571 7.8885474033
2 5.558180086 8.3414593376
2 -5.660038646 -5.719895942
2 -4.072707656 7.3522659633
2 7.5692375698 -3.294015612
2 -8.87151409 0.2404791012
2 -3.477252131 6.5048529823
2 -3.906232056 7.5924670789
2 2.8360402291 7.8552395892
2 7.2284220144 -2.674893664
2 -1.143615046 8.2250534837
2 -4.545191418 4.2261846551
2 -7.648907995 -4.867291942
2 6.1962712699 -5.286272121
2 9.1977830738 1.3029822792
2 -8.252253754 1.1063275673
2 2.7851238861 -7.328452451
2 -2.226256566 -5.58178921
2 1.1757635842 -7.825358056
2 3.2323447819 6.5865608348
2 6.5276504227 2.0487492883
2 9.2609993976 -0.916782996
2 -5.028751358 -5.090291772
2 6.0257785468 -6.334317354
2 -7.815271917 -4.114129443
2 7.7701322392 3.2470504142
2 -6.21091112 0.4515480411
2 -0.320830727 7.4016147059
2 8.0181457345 -1.745317999
2 -3.026191395 -6.976113141
2 -4.34057495 -6.55108332
2 4.0853092646 -6.029498651
2 2.3861086813 7.0841858367
2 4.1762275543 7.1384684503
2 7.5666305883 1.0437363514
2 -2.73230296 5.4946333716
2 8.7290313135 0.0072568188
2 -7.737582088 -1.787726133
2 -9.409136733 -0.512721944
2 2.3688827701 -8.229279243
2 4.1353401804 -7.127693179
2 -9.579391193 0.6448348453
2 -5.99802321 4.5871881862
2 1.4144693689 -8.137659287
2 -5.335958505 -0.291079645
2 5.3837771747 7.0425660395
2 2.0696036282 -7.684834968
2 0.8992093267 6.5656378449
2 6.6893864119 3.8896650838
2 -6.462860566 -5.951931927
2 2.7773606341 -8.280311071
2 -2.180491224 -7.963405753
2 3.6255335449 7.1879128876
2 -1.636555668 -7.275989704
2 -0.290146476 -7.711602963
2 5.7214508893 5.8376517559
2 -4.595535104 -5.105713912
2 5.6188560284 4.9543952778
2 0.5169249994 8.9800994469
2 4.9770114873 -4.475888587
2 -3.180748774 5.8829665579
2 2.2825173302 8.7404003427
2 -8.518855619 -0.484741878
2 -3.722456606 8.0342204597
2 3.0539477614 7.3128453122
2 5.8497227526 5.8185576103
2 -1.024084561 8.867843977
2 2.6870051638 -7.612739749
2 -1.792379184 7.4610226564
2 -6.849371304 -4.093294761
2 6.2952535148 -0.711686209
2 5.9383871132 -3.063955785
2 4.6871840796 9.1721398338
2 7.9059005343 -1.579621667
2 -2.990304465 7.6096681081
2 -3.46921986 -6.458688004
2 0.7355120363 -8.256104972
2 -4.117621554 5.5886428842
2 4.9412379803 -5.443458831
2 -4.633311365 -7.951200131
2 1.5587498099 8.7496802547
2 3.5985428845 -7.888124765
2 5.7398039658 -5.721216294
2 0.5276134995 -7.183382722
2 -8.221997513 -1.121681384
2 1.9333701651 -7.228577127
2 5.9742777923 -5.008412537
2 -8.755977189 0.9145019888
2 -5.834782823 4.0660867668
2 4.8855585096 -7.896575981
2 4.4314002145 -6.789555182
2 1.7220839497 7.1070163873
2 -1.566407869 9.4930269107
2 -7.183647599 -1.46350644
2 -7.031920168 3.4086477983
2 7.2337812472 3.3318009783
2 7.6093588313 1.7460520751
2 4.8868082836 5.1011181337
2 -9.758249003 -1.763590147
2 0.57424977 7.534127548
2 -3.733416959 -5.838697054
2 -7.93320187 -6.273363979
2 -8.306458936 -3.63807362
2 5.9679108577 -2.844530292
2 0.417491901 -9.227763179
2 -7.020185025 -4.473286593
2 -6.868508239 4.4239147805
2 -3.385427191 7.6216908883
2 7.2568314337 -1.477247736
2 5.5991982376 5.4421514629
2 4.1889732344 -5.280932276
2 -6.756392438 -3.946287202
2 -7.709600176 2.7258687106
2 -1.495956859 6.8506622817
2 -4.102004355 -6.635822438
2 0.2255167495 7.7583969956
2 6.2934556652 5.1735887144
2 -6.4128054 2.0930145264
2 -3.379110104 -5.774922644
2 7.6176206693 3.0408593704
2 3.4533050252 8.8330144708
2 -3.386092529 -7.679044751
2 7.2626107669 -2.981385454
2 -8.525953103 3.2328658996
2 -5.075144712 7.7233814733
2 8.5022046752 4.2830977792
2 1.0031941901 7.3961861457
2 3.1957286371 7.5976950349
2 -8.475703536 -0.832466906
2 -1.870697241 -7.429594337
2 7.7133039803 1.5908533009
2 7.4242452093 -3.349330291
2 1.34448722 8.8340904676
2 6.1130797038 7.3877752251
2 -4.003651015 6.5926677085
2 1.4595661785 -7.400239595
2 -4.859657083 -3.405519073
2 8.4721150854 -2.123572319
2 3.5135259025 7.4862556023
2 7.3953823994 -4.42863411
2 4.7558731362 -5.874832918
2 6.4343058056 -2.312768126
2 -5.292562764 6.5155396852
2 -0.733200847 6.575463684
2 -5.385480553 7.6899494022
2 -2.039315746 -6.149257216
2 -2.642716896 7.2818161211
2 0.4821250768 7.9630211447
2 2.2891489658 8.0607378412
2 7.2474533215 -6.926865276
2 3.9163069649 -7.731912143
2 -5.813016041 -4.415785057
2 -3.869079904 5.9953774368
2 8.0755755869 1.7200716775
2 -4.506010765 -7.66984369
2 7.1402286373 1.8652073851
2 6.0441927244 -4.360147962
2 7.3218189628 4.6209343324
2 -1.619473862 7.7972751063
2 9.03630057 -0.822642915
2 7.9161007781 4.1746865062
2 3.9321887228 8.8559167393
2 7.1589046672 -4.433314045
2 -5.042232863 -6.170553065
2 7.5902202592 -1.605106698
2 -5.631784018 7.1323296413
2 -5.72431558 -5.614429762
2 -5.437322532 -7.607059281
2 4.1897869664 -6.801673821
2 1.6038834567 8.4798214343
2 1.2626317471 5.9370114774
2 5.5601167877 5.654836186
2 5.6555899997 -4.21068432
2 1.931294445 9.1252466928
2 -0.169620609 -7.244970535
2 -5.594596114 -4.860503773
2 -6.962241085 1.6635081505
2 -6.684215897 4.6320742516
2 -4.9898259 -6.510220495
2 -3.692385177 5.7426604568
2 3.0769106488 5.518172779
2 4.7804935655 -6.645698537
2 3.8395365003 7.4028391728
2 -1.699780562 -7.489922238
2 7.6092768278 -0.1104101
2 -1.3783456 6.5940766633
2 4.840736048 4.7431580478
2 -7.58744296 -1.843267393
2 4.1839437785 6.6482785098
2 -5.726194112 0.704987244
2 5.3129775434 5.5900034555
2 4.096943746 -7.992972037
2 8.1461304577 1.6770836964
2 -2.799466283 7.2999503329
2 -4.917307083 -4.605381695
2 -1.29078898 -7.709822796
2 7.2791632175 -6.656635984
2 -6.946691539 -2.095916886
2 4.825839984 5.8965858553
2 -5.347534403 -7.556901367
2 3.3582662592 7.6217837405
2 -7.672943321 1.8081904718
2 5.0462607017 -8.122105046
2 6.5884067049 -3.29269684
2 0.0101902578 -7.791836814
2 7.8023049672 -0.906002566
2 -6.110105612 3.8518057778
2 5.2135528125 -7.274537772
2 7.0327965062 -6.405700331
2 -7.425510369 4.5070736576
2 3.1228489535 8.6477465443
2 -3.085755784 5.3233129633
2 -7.755924965 -4.841191308
2 -8.419146766 -3.04592794
2 -6.33333726 1.9597299354
2 -2.46653538 6.5665187876
2 9.5087633832 0.8450106171
2 -0.803266214 -7.697575128
2 -1.664571172 -9.237172743
2 -8.245116131 2.7463155499
2 4.0295481513 8.1445123607
2 6.6169592762 1.5688055809
2 -8.77424718 1.0483655902
2 -4.742975623 7.1209129097
2 0.2072576255 7.1538074724
2 -7.334609543 -1.647231963
2 1.0354607759 9.1198277379
2 -0.222186972 -7.348912387
2 -0.081080798 -9.489039184
2 0.1405461703 5.8797399162
2 -5.197294299 0.8581976522
2 -1.943080267 6.6605779139
2 0.2287337746 -9.184459086
2 -9.787743127 0.9761485512
2 5.677659508 4.1480348184
2 7.886312306 -2.44393391
2 8.323693162 -1.467756342
2 0.2690077888 -9.140407409
2 8.4206874745 -2.015562918
2 7.3591234741 1.4357000533
2 6.8168493278 7.9691377938
2 5.9917186726 4.0396806312
2 6.6435326578 4.6205014739
2 4.1553661955 4.9066692772
2 -7.109955971 -7.380974909
2 -5.119578004 8.3086011134
2 -5.220512326 -5.366399248
2 9.0281959136 -1.084906476
2 6.740433294 3.1419173066
2 -8.91723461 2.2678642511
2 -5.431521367 -5.601496263
2 -8.495673903 -4.578866764
2 2.1139362079 8.0176517259
2 5.4528123532 5.8129685035
2 4.1698370547 8.8485060486
2 -8.255461099 -0.898196321
2 -0.665107681 -6.588875007
2 -6.650709197 2.5795676378
2 -7.827515339 2.3738292852
2 1.3114711551 -11.10692183
2 1.6380152368 9.0511929908
2 8.638385497 1.0733851711
2 -4.046057982 -3.651655442
2 1.4193494004 -7.207233229
2 0.8545607642 -6.853553529
2 4.7175668794 -7.830704508
2 -9.243012431 0.5433453551
2 -3.202906023 -4.769047573
2 8.9872761966 -4.745266502
2 1.8805931838 -5.105150819
2 -6.993506581 -2.785323829
2 7.0041104672 3.6108040793
2 -1.879805752 -9.171776426
2 0.2833340698 -7.095360798
2 0.2192856754 6.9642412493
2 6.1641716734 6.176092124
2 1.509158366 -8.060810998
2 8.933080677 4.8607031124
2 -3.801279681 -5.930980975
2 5.2663768 -6.591969856
2 7.22120049 3.2729477474
2 8.7459653849 3.648080309
2 -8.447842304 -0.257481297
2 -4.15192535 4.9874158529
2 7.9780949063 1.1948737009
2 3.4364432609 6.9773968503
2 3.8141510139 6.2156179615
2 -7.374405483 -0.119094929
2 5.3765054475 7.224534742
2 -4.988945477 5.7384808938
2 -6.397791411 5.3749414419
2 -5.245902032 1.1740973123
2 7.3913250825 -0.817420426
2 -4.85694587 -5.925016758
2 -1.63319813 8.0525961409
2 -7.811459125 -0.753961138
2 8.6688407625 -0.216097233
2 1.588449805 6.4332796839
2 -3.973010135 -6.405539819
2 7.981875205 -0.149589482
2 -7.110452985 4.5499031074
2 -1.840153838 -7.126913056
2 -7.584679294 5.5468009056
2 -7.375683832 3.8268848367
2 7.686480883 -3.916677122
2 -5.133726228 4.1872745377
2 -7.12977545 -2.543443454
2 6.8650090359 -2.240020106
2 -1.334583458 -7.432134519
2 8.2383832001 -0.567108093
2 -0.180462405 -7.144140628
2 -7.482873984 2.7818629583
2 5.155679013 3.9190045847
2 8.4914454047 -2.801944161
2 9.6339181264 -3.724879982
2 -7.219518831 -3.516787201
2 1.7094977945 -9.996010567
2 1.8897878564 -5.117210047
2 8.0361436428 1.0680808771
2 -1.845793041 6.5373650861
2 8.1652154071 -1.068481174
2 6.6210462772 4.0133309962
2 7.4303110165 3.755379124
2 -5.434105727 -6.085591318
2 5.7807181386 -4.017901642
2 -8.474625869 -3.901242312
2 2.3020935598 -7.674496751
2 9.3616627115 -0.787897716
2 -6.553687935 -0.731745419
2 1.3343633878 -7.76862792
2 3.5670104782 -7.673570135
2 2.6587594502 -6.269530813
2 7.0615790341 -1.785653586
2 6.3545091199 -3.45420683
2 6.7692530798 4.8297080834
2 -7.481932053 0.9225799478
2 0.5267209539 -8.978625614
2 1.2399607126 7.7227002603
2 5.0477902901 -3.646489195
2 -5.852276643 5.2613967439
2 9.1999184003 0.5679431626
2 -5.944909713 3.2101903177
2 4.7026302936 6.3961997489
2 -7.023968541 -2.441248554
2 6.8627273405 2.5984283092
2 -6.08258109 -4.172307304
2 5.7388841657 -5.776634481
2 -0.633457075 8.0263876822
2 -3.995781158 6.895021532
2 -4.556763866 -7.427053647
2 7.919104073 -2.443692166
2 7.1169540537 5.1943921273
2 -8.356103878 -2.502633228
2 5.1021263159 5.0416166008
2 0.40567118 8.0417236791
2 -2.746252053 6.0619434402
2 4.779655081 -5.792845825
2 -7.907743108 -2.287227175
2 -6.60967467 -0.329458775
2 -3.414880167 -6.001481723
2 1.6254125601 6.8517314886
2 -5.380406303 5.1046064509
2 0.246145777 -9.625869452
2 1.5553410028 7.6287649132
2 3.8631133747 6.5319828659
2 -8.297195976 -1.307962328
2 3.6816506501 -7.894890994
2 7.4819596958 -5.159270332
2 1.2692947559 7.3812044819
2 -2.192429966 7.5150741549
2 -0.52270925 -7.197904546
2 -7.047804448 1.6080441301
2 -6.243031724 -4.350263446
2 8.4040983847 4.1903446059
2 -1.455754048 8.3033767524
2 2.345921042 7.1589628025
2 9.0313066294 1.9456543673
2 6.1816661914 0.4810060144
2 -8.844589827 -2.291223239
2 7.079808218 2.9289874086
2 -7.136145883 -3.794718834
2 7.7727258585 -0.872213065
2 -6.138369125 -4.576194131
2 -9.048800789 -1.717266798
2 -3.690225496 -6.437363191
2 5.1619537541 -4.607321822
2 7.3204497203 -3.676560257
2 5.7262177183 5.7178466514
2 -2.239667351 -7.659595132
2 -5.372656144 -6.589904379
2 3.6403218491 -6.429401721
2 0.6084572784 6.5443581591
2 -1.377458616 -8.339021666
2 -4.922224357 3.592815429
2 -4.411740006 4.4328727077
2 -6.990116399 1.8669963972
2 -8.172135534 -2.195532255
2 5.2384655273 -3.990943715
2 -7.078520304 3.1653794897
2 -5.697358588 -3.774513442
2 -0.283157619 -8.7929473
2 7.4471263758 -0.36489491
2 3.0662303792 -7.843026485
2 -7.620207283 -3.466061921
2 -0.916542761 7.3617913614
2 7.1022623853 -3.756678863
2 0.295620454 -9.562430259
2 -7.087746698 1.1366852874
2 -7.505406764 -4.664677635
2 -8.069951448 0.7701385792
2 -3.68134491 -7.71977052
2 -5.056089327 7.6893333606
2 -5.200518076 3.5527305003
2 4.6516834937 -6.16623151
2 7.0957326533 -4.498169242
2 -7.645080768 -5.541289274
2 4.5096706209 -4.145874943
2 -7.311458743 -4.817394173
2 8.5350740278 -0.504098885
2 -8.901964854 3.913303704
2 -5.752573693 3.1365505146
2 -3.33811505 6.7188871837
2 7.9207927435 -3.100682768
2 3.1206296811 8.6594353217
2 -7.576581491 2.0155699337
2 6.4591937602 5.1428787826
2 4.9619382202 7.5396754328
2 -3.637827464 -6.636459601
2 -2.739067118 -6.195500647
2 4.9315272449 -6.350867939
2 -3.760882409 -8.206449738
2 -8.484358286 -2.22482322
2 -3.218950871 5.11953028
2 -8.699317193 0.0068661808
2 3.4591734143 -5.820016816
2 5.4009343244 5.4841132839
2 5.248215076 -2.297329887
2 -4.015433905 -8.656570382
2 3.9258144718 -7.934337878
2 -5.728865543 5.1162238456
2 7.2439259163 3.5613038457
2 -8.132531308 1.9309114198
2 8.3501044751 2.9397497135
2 8.5768577486 0.1392864241
2 -5.7816871 5.6894692794
2 5.0823441182 4.2180857995
2 -1.120854578 -6.744516735
2 -3.277452553 -5.73621403
2 1.1368037141 7.8027372677
2 -6.319850374 -0.927443715
2 6.1704315135 3.2608822377
2 7.4956657641 1.0630019477
2 -2.999382191 -8.033924547
2 -4.694979489 -5.587910539
2 2.8002509767 8.1970716098
2 4.2928551643 8.7516721181
2 3.2275047006 -6.064241766
2 -5.751982212 -1.660747486
2 -7.26145292 1.7755806987
2 8.6423699171 3.826994437
2 2.7010165141 7.3233417695
2 -1.222209256 8.8017208956
2 -1.00270718 -7.398190308
2 3.244550564 7.1058707843
2 -0.952600378 -8.765187357
2 8.1758966282 2.0119173819
2 7.7747076243 -2.629125243
2 0.1775798152 -6.993608452
2 1.9045458514 -6.109768464
2 -4.552249483 5.5057616034
2 -0.822427284 -8.266069978
2 4.124096945 -5.154407345
2 -3.995495941 -4.507037721
2 6.4269206747 2.3307665114
2 6.5328857505 0.6892506827
2 6.0187765222 -0.021423284
2 -6.06049034 5.0108671271
2 -7.413780594 -3.212466297
2 -0.553801205 -9.778932359
2 7.4948752776 -1.357818789
2 5.2744743963 -4.617510471
2 8.0470039072 1.2244867266
2 4.5891138332 -5.591364006
2 -3.507303726 -8.559320279
2 -6.04869932 5.8371092418
2 2.3274712397 -7.135607679
2 3.530219792 7.3864628572
2 -7.143658941 0.0265955601
2 -6.424647122 4.4847498433
2 1.7991623131 4.7383277447
2 -5.192418463 -6.98678636
2 -7.861362747 -3.75766481
2 5.9056322768 -4.682580756
2 3.9254837834 5.590960221
2 -7.069802298 4.0946520104
2 5.0149083945 6.340015775
2 -8.171932849 2.0967311792
2 -0.768051009 -5.967100855
2 -6.117048736 -2.186761156
2 7.6477538775 1.7142018042
2 1.0090766911 -8.525181128
2 -8.87598319 -0.254511557
2 -4.851826947 5.9527269788
2 7.7853983948 2.9363853191
2 7.8567946238 -3.671102492
2 0.7009922256 -6.474734513
2 1.1174748754 7.5167168944
2 7.4581568466 -2.117370791
2 -6.659966153 5.4145530902
2 -6.935899164 4.1393611119
2 7.1153022137 5.958831706
2 -0.211811174 -8.070581119
2 -0.441302248 -7.680860829
2 4.3495741475 -7.128843863
2 -1.877591083 9.0036053924
2 3.5684766298 -5.470190338
2 -8.361294632 -0.905410387
2 6.2432012188 -6.43263333
2 7.5305531845 -4.351810227
2 -0.396430492 8.0013855693
2 -2.119276202 -8.43484763
2 -5.410646311 -5.554572445
2 -0.548912879 -7.884960134
2 4.312572415 -9.174104476
2 4.6101585677 -7.449300986
2 -6.981265414 5.5890404376
2 0.0648286659 7.2650649686
2 -0.889867886 -9.541904573
2 -7.071001208 0.7823047693
2 -6.610567832 6.3900084722
2 -3.294834891 5.950562864
2 -3.508478788 7.1048661288
2 5.2102633036 0.1752835851
2 0.0333307707 8.2664260513
2 -7.551918511 4.3490821691
2 -5.522748153 -4.258237105
2 7.0921199574 1.6658222955
2 9.1331840776 1.0806665199
2 -3.980672526 -6.313245921
2 9.7426478093 3.7640883908
2 7.2622101759 -5.197543709
2 -3.998679626 -6.947839485
2 4.9065495015 4.7090798684
2 2.3813547352 -8.451998892
2 5.0372907408 5.0278704608
2 -1.730253943 8.0176577181
2 -7.312663108 -5.021375368
2 7.8195548033 -1.464246629
2 -5.435110448 -3.389857659
2 6.7776475631 2.1341250866
2 -4.68947235 -6.153514891
2 -7.408107679 -1.91651167
2 5.7788751191 1.9758566955
2 0.0455384999 -7.826462581
2 -3.018421936 7.4290713521
2 -4.165638898 -7.798844652
2 -3.907944351 -7.362156501
2 4.8264264902 -5.743065135
2 -6.522485984 -4.023860086
2 6.5265072405 4.3936126437
2 3.4998912539 6.345455488
2 6.887023891 -4.336859629
2 5.8920023419 2.8268076064
2 -7.075923463 -1.15659022
2 -0.155944018 -8.084481821
2 3.6666710725 5.2350001418
2 2.3481031609 7.3905495207
2 3.2720367251 -5.999683129
2 -3.864358694 7.1313191398
2 -0.099904833 7.2975899655
2 8.7635257269 0.2265896307
2 -1.024168913 -7.714578748
2 4.5687712125 6.7714715073
2 -0.6427269 7.4670424904
2 -9.775651025 -0.977832365
2 6.8961003204 5.9995508596
2 -6.706622044 -4.868239769
2 0.5668098531 -7.309267289
2 7.0578511277 7.4192507265
2 -5.501103566 -6.285535602
2 4.2828167801 -7.960042035
2 6.1962089791 -3.064263661
2 -1.116953487 -6.907945006
2 -7.168586302 0.0053388519
2 4.1798259372 -5.769418161
2 6.7437180948 4.1096799654
2 2.8826786009 9.0958053434
2 -4.041643885 7.8047462093
2 -5.867606617 4.2717166447
2 -8.773745611 -2.204612752
2 -4.808784832 -7.713117554
2 -3.314666101 8.0957460295
2 9.5555319619 1.7736739134
2 -7.560848026 -5.39887671
2 -8.330339532 5.6275999
2 -0.758208209 8.49249388
2 6.0148323563 -5.067951233
2 7.850142288 3.7696116245
2 -5.268265034 6.8266589891
2 1.8375630646 8.5898103683
2 -8.099856466 2.2244218492
2 6.6306652006 -4.316883991
2 4.1005405758 -6.527440881
2 5.5112914177 -5.004719843
2 4.8795986482 -6.013893505
2 0.5138780654 8.3288828758
2 -2.461050153 9.0055194794
2 7.3804295334 0.0414843894
2 -8.047124894 -2.413569049
2 4.4936486592 -8.861293781
2 9.0173772633 -1.827366048
2 -1.84601277 7.5976904996
2 8.7742512734 2.1569873166
2 -6.69819563 -2.014491128
2 -3.169340925 -7.682019041
2 -1.296975692 -8.692198368
2 1.8125615741 -7.553857079
2 -0.079463141 8.2503692571
2 -1.569521128 7.0390193161
2 -6.348481087 -4.660153587
2 -2.526416845 -6.479359197
2 9.3804078864 0.9518082097
2 6.4481811186 -2.557305496
2 -7.103738988 3.0777192433
2 -2.776900764 6.8021964416
2 5.706615883 6.6867887721
2 -7.56131019 -5.225202616
2 5.6051312289 -7.380228762
2 2.5672137774 -7.749485217
2 -6.601130332 -4.870609142
2 -6.765069493 -3.652416343
2 -5.478679992 6.1597824214
2 2.2810891672 7.8411628437
2 -6.997466174 -3.292742658
2 -7.646301632 3.3321582791
2 -1.58041562 9.5892488749
2 -6.676750328 4.5870871977
2 4.8107915739 5.1002758242
2 8.2977063138 1.4363712033
2 6.2251295881 5.0388354898
2 7.3397659824 -2.967307574
2 -4.656917401 6.2935941337
2 7.1671910807 1.2006699618
2 -8.078510478 2.7037416085
2 7.0445746193 -3.041558039
2 5.8331795357 -6.49758631
2 -5.369152988 -4.292246902
2 -3.436058062 -4.911384874
2 1.0863222609 6.1326584361
2 -8.013855688 1.3625284845
2 9.3074991318 2.7540029581
2 1.9635010326 6.7540739084
2 -6.183070627 2.0892055875
2 4.5630319493 6.5079586317
2 2.2807679678 -8.466620729
2 -2.798558113 -7.807938342
2 -3.884783402 -5.3385888
2 8.0048991606 -3.556715062
2 -7.744514063 2.3037777546
2 4.447363167 -6.06328658
2 -2.390377354 -6.275532185
2 -8.302842826 -5.037182186
2 -2.998820328 7.8548110938
2 3.161776305 6.8319763319
2 6.2489756592 -5.820207057
2 -7.457267257 -3.510110856
2 2.0198237968 6.3911726341
2 6.6982940969 3.870783169
2 6.0293693813 -8.670867201
2 4.9427828631 -6.407536625
2 -5.639450819 -0.397284222
2 -7.486043211 -5.305587641
2 -7.514166767 -3.578528813
2 -7.888859054 3.7834812194
2 4.6269068091 -7.401899852
2 8.2014853648 2.4855783483
2 1.5878978997 -8.686760867
2 -1.007856184 -7.988858463
2 -0.404224202 6.7969574388
2 1.8848436761 7.2251336059
2 4.4359199308 -7.501326268
2 -9.063335703 3.6195051235
2 -7.357450103 3.4092708517
2 -5.402107272 6.7716071034
2 -3.361942124 6.9095140275
2 6.4302978922 4.346988489
2 5.1107126935 -6.245221726
2 -9.037990199 2.5059994967
2 -6.368661055 -1.92244489
2 -8.720739392 -1.426617775
2 3.78693028 -5.307899746
2 1.8996324199 6.5464682605
2 5.0958872642 -6.423924169
2 -7.313339032 6.5383364575
2 -1.893045088 -6.365702097
2 -8.318687935 0.364139569
2 2.0047703085 -5.175617015
2 -7.529588038 -1.850476646
2 6.0883574321 -1.065136363
2 3.429191659 -5.271237441
2 6.6873225647 -2.910901493
2 2.4743030581 -7.22920428
2 7.7407430964 4.3092938617
2 5.5336391221 5.6732368951
2 -6.024330619 4.8854250195
2 5.9720908815 -3.097696857
2 2.7165132215 9.625682858
2 4.4035144606 3.5010232905
2 5.7462654294 3.8125823841
2 5.0107712242 5.5294798971
2 -8.597994692 -2.859337817
2 -8.223488085 2.0203168507
2 5.9041458625 -6.520941539
2 8.7792901223 -1.787787814
2 -3.654032463 8.0953459696
2 8.1300687076 -1.904021984
2 0.4591419437 6.8658753148
2 -6.596514746 2.818384111
2 7.8000759992 4.8725228645
2 -8.546367347 -1.715064744
2 5.9838967151 1.2809533418
2 5.8692996493 3.8704670703
2 0.8603882819 -7.731560821
2 6.5294549641 6.8842807466
2 -5.70203171 3.54661434
2 4.4167864944 -6.872964519
2 4.6611390069 -4.69735613
2 5.7104493813 -6.900633938
2 -2.054513936 7.4998263007
2 -2.801006668 7.2080881189
2 6.4323472458 -4.086158463
2 -4.267771118 6.2286876434
2 -6.042247047 6.1762953777
2 2.4217512384 8.7461412948
2 -3.978693398 5.111262726
2 -6.67720948 -0.902727899
2 -8.374240489 -1.985989909
2 -3.486317901 7.9938114022
2 6.3273996131 -4.697142517
2 -1.849317087 -8.79658707
2 5.4957699377 -4.089138698
2 -3.238933446 6.9905659584
2 -5.100673075 4.2479289111
2 -5.247190324 -3.475402001
2 7.0214704853 -1.707610207
2 -2.31058477 -8.539802936
2 3.9534444692 8.1682133557
2 -7.667338237 0.341210792
2 -2.52561827 7.8080258183
2 -7.705933994 5.9288304748
2 6.591737778 -1.244369864
2 5.6057444 -2.393594673
2 0.1876821484 -8.462209274
2 3.2623656775 7.5706996978
2 2.9486216306 -8.046739706
2 6.3690804964 -5.975084183
2 -7.791036031 2.5496815232
2 5.1778989213 -3.254718757
2 8.444914344 -1.834445821
2 4.655203277 -7.886677252
2 0.923216178 7.7919848957
2 8.9003203488 1.1989001394
2 -7.835805213 3.8820806254
2 8.0566407217 2.8788855525
2 8.6206942297 -2.109131315
2 -9.886300053 0.021032543
2 4.5969226944 7.1401813628
2 -2.426998384 -7.01757769
2 -3.295341404 -7.383372612
2 2.1578820114 -7.374237557
2 5.6780672949 6.089520697
2 -4.848621201 3.5863669739
2 -4.199148024 -8.340813084
2 -5.079543851 -6.362758187
2 -4.976473093 7.0394760707
2 4.7858822694 -6.1367454
2 8.0743881491 3.3697214098
2 8.4867898024 3.511172353
2 -3.040234283 6.8889013295
2 5.5811208353 7.0002073101
2 -5.037985083 4.5450273796
2 -8.507991809 3.9481969459
2 6.6901281866 4.4026638623
2 -4.928415946 4.3790216161
2 -7.880590994 2.9125484583
2 -2.904141348 -7.768091788
2 -3.41200034 6.8251443696
2 2.9653060124 -8.630242978
2 -9.619249655 2.0967853372
2 4.0539113492 -5.856912877
2 7.6532140567 2.5589904637
2 6.1288372216 4.824698909
2 -2.488465413 8.5721108865
2 -3.158743599 -8.391312616
2 7.1714731155 -2.802127967
2 -0.748469385 -9.101641124
2 -4.415445228 6.5138867069
2 -6.480628269 -4.716286613
2 -8.715217494 2.537279084
2 -2.056006344 -7.231593
2 -8.790165232 -1.271391034
2 -3.506151969 9.1051989507
2 -1.958414621 -7.693283509
2 0.9673579024 8.0946361592
2 -4.314270123 -5.172129675
2 -5.21880639 -7.392847929
2 -6.393258492 0.8851101787
2 6.9632118395 5.5057658519
2 3.4153231636 8.5807825324
2 7.214547411 -2.038290772
2 -8.767387822 -3.155903204
2 -4.133568247 -7.77256752
2 -0.393476421 9.0366715274
2 -5.638081257 -5.205523427
2 6.5579028716 -3.582967547
2 -6.078427281 -4.579876194
2 6.3699897153 -2.915167707
2 3.0449073302 8.2667210762
2 6.8124039835 4.979308977
2 4.3891050212 6.0831642261
2 2.5219740126 -5.795651503
2 5.0671539148 5.1017809084
2 -8.121961207 3.0274930604
2 0.1455716947 10.289245783
2 -4.900172861 2.7900612824
2 -7.361116999 0.2568488366
2 5.1152265151 5.7448886837
2 -2.244897428 -6.847975362
2 9.4523769893 0.1970188641
2 7.2381647097 -0.383976
2 7.107558741 0.9087154969
2 -1.637068201 8.0110569823
2 3.2566612848 -7.86314057
2 5.736704256 -2.711996788
2 -5.206728138 -7.362429597
2 -5.793190482 -5.362600845
2 1.3826522326 -8.11492021
2 -2.380278994 -7.63773025
2 5.6588640846 5.2447010013
2 -5.414715474 6.3094551181
2 -6.43645023 4.5743876759
2 3.5640991306 7.0408455513
2 -7.439838994 -2.004377288
2 -0.358643338 -7.877456717
2 -8.430443509 -0.461918803
2 -1.200284398 -9.800923431
2 6.4907927576 -0.926095667
2 8.0865575547 2.1631073099
2 -3.807928383 -6.148576603
2 7.1807601495 -2.431227939
2 4.4363273736 -4.757628696
2 -7.003399832 4.4165717956
2 -3.777985101 -4.19119001
2 3.6863537496 -7.202425517
2 2.0792552797 -8.753994426
2 -0.44613846 -8.837921787
2 -4.994030081 2.6810218514
2 -4.185748415 -6.849787298
2 7.1039021664 2.95595694
2 -0.540921551 9.4838008472
2 6.7737015752 3.220673623
2 4.8373893117 5.5213056932
2 -3.718376581 -6.930471061
2 -8.651498015 -1.658879857
2 -7.516538836 -3.415787042
2 3.7955485295 -7.361563966
2 5.628156125 -5.841725434
2 3.075713661 7.8232499399
2 3.6304931738 -7.371271854
2 -4.422441214 6.4855255562
2 -0.678542758 9.1511758094
2 -1.440750121 -5.599541023
2 6.0126679608 -6.919460349
2 -2.627426489 6.6155467475
2 6.5924340687 -3.549053918
2 -3.081781782 -7.539647202
2 -3.531914371 7.4272185847
2 4.8892651383 -3.878848572
2 -3.540085759 -6.944691519
2 -3.390322956 5.3710508345
2 0.1663778454 -8.036171217
2 7.6497475414 -3.091678689
2 2.5454024225 -7.454865814
2 2.3382905965 -6.230714868
2 -4.215347195 -6.99154799
2 1.8020965131 -7.322323007
2 8.1962658299 0.9398898643
2 -5.017405339 5.8901643375
2 -8.09795253 -3.739651888
2 -1.942646175 -8.069869648
2 -2.382817921 -7.788328614
2 -4.099442482 -6.87104348
2 7.428211479 -0.993355671
2 -3.45887938 -6.548439321
2 6.0090126801 2.8684607418
2 6.06202327 1.5981748766
2 -3.404705554 6.3934568894
2 4.4432229157 -6.6547382
2 -4.22407664 4.5612431758
2 6.7857713127 4.4628074545
2 -0.143846826 -6.979076932
2 4.8266715687 4.9470509624
2 5.4421871847 4.735048248
2 -0.588693089 -8.135879677
2 7.2971034138 -2.221191218
2 -7.167052264 -0.997424495
2 -1.110147827 8.3296406058
2 3.1577866173 -6.601671913
2 -6.095510856 -0.232890068
2 3.1753582543 8.5900422047
2 7.0151641567 -0.341181699
2 5.3869465434 6.2232492825
2 2.5179666317 7.8209205759
2 -6.550005833 1.6672254145
2 -5.187116796 -5.15823524
2 -5.372543429 2.981760292
2 -4.737996911 -7.266397177
2 -0.841720762 9.2765701165
2 -6.34294381 -5.372473125
2 0.9512696937 8.3919982412
2 3.8751792608 -6.480352373
2 1.91896904 8.4890926851
2 4.461500626 7.4998345366
2 -7.254366255 -4.319154554
2 -0.093928459 7.5780093332
2 -3.449047949 -8.224395106
2 2.9152309086 8.3931202732
2 -5.832990903 -4.393290664
2 -9.081040064 -0.073387674
2 -7.006203442 3.1046845116
2 -6.924535134 6.1700607562
2 -9.866154123 1.8450415533
2 -6.541660354 5.2066960785
2 -5.741399305 5.7493964033
2 7.1176076758 -1.92787945
2 -4.234677988 -4.905050543
2 5.7983903115 -6.05439925
2 1.4204539573 -8.588273321
2 3.3158962813 8.2122011655
2 3.2124502498 6.7859348723
2 -0.315924449 6.6220427901
2 -3.418770584 -6.306583883
2 4.8385876587 -7.756511401
2 -2.924890143 6.8221353538
2 5.2183083764 -8.751873595
2 -5.684504333 -1.146019753
2 7.5886338613 -4.143928528
2 0.1516417083 8.4737360032
2 8.1247378678 -1.260297539
2 7.6357309131 -2.142745468
2 -3.864864935 7.6784615302
2 5.5764211657 -4.911621998
2 -5.158661513 6.4139411434
2 -3.756723195 7.294933831
2 -7.572398661 -5.152556296
2 -9.842842815 -0.869797154
2 -0.380113074 7.3453191621
2 8.1208584538 -0.04962188
2 3.4865168735 6.859671501
2 -7.428573106 -2.927969837
2 1.7362562886 -5.936852817
2 3.3969815325 7.6335776396
2 -6.747093777 2.5404829927
2 -1.709225644 7.4333975373
2 8.5263817723 -2.810728318
2 -7.210592671 3.2474869308
2 8.4111864783 0.4763209438
2 -3.945909462 -7.371214235
2 -2.329742731 7.4122192047
2 1.1606460214 -7.613373851
2 -6.16973902 3.1994925308
2 -8.746330957 -2.545676783
2 -7.604132857 -2.685831851
2 5.8374566499 -6.453659266
2 -4.061261061 7.2091618268
2 -2.514973117 6.6579193907
2 6.3010211279 -4.428622114
2 2.449288193 -7.187451709
2 -7.447171262 1.7643806019
2 7.4459441063 0.7430093382
2 5.858211862 3.2740570515
2 5.9331341658 -6.173695406
2 5.2273778634 7.3533526032
2 -5.913394113 6.2746279022
2 -6.403592302 -3.898091976
2 3.3634862797 7.2358286907
2 -5.664175963 -2.81817054
2 -7.504933368 3.9226887252
2 -6.229092979 -7.090506295
2 -2.871504577 8.1139857123
2 6.9554817984 1.9427331377
2 3.939436918 7.3792375591
2 -8.787655458 -2.777853657
2 3.4782827251 4.4235313879
2 -1.301765153 6.0741126853
2 2.9329323615 7.2894703678
2 6.1335136934 1.84865184
2 1.0265053323 7.1763339356
2 6.0579600356 5.1903045664
2 3.113280458 -7.620835572
2 6.5312469241 4.2478222284
2 2.4894893716 -7.315931684
2 -4.726864876 -6.757111626
2 6.8849433025 0.0237229028
2 7.4764222764 -2.758836947
2 -6.587770815 4.6266175489
2 5.8394533795 4.9144167397
2 -5.23793709 -4.859008206
2 8.3217294486 -2.542208212
2 8.322618323 2.6423932198
2 -3.626028837 7.8855751832
2 8.8912931506 2.0644877774
2 -2.024551789 7.5441991785
2 1.5538255524 -7.103403648
2 5.4138077629 4.0292932161
2 -7.634937212 5.0149352608
2 -2.745536396 -5.685910171
2 4.5491495304 6.5520076173
2 -4.34216768 5.8180826918
2 -3.805852455 -7.620144951
2 -5.860563238 4.7115774108
2 -1.354553127 -7.500455027
2 -5.228294036 7.6829050506
2 -4.972650031 6.3663481168
2 -3.779520539 6.0939983176
2 -7.913608246 4.4254510514
2 5.464682901 -5.51145964
2 -8.427680582 -0.274263019
2 -3.996585986 -5.000179964
2 3.4116932876 -7.72688388
2 8.4696818824 0.769352254
2 6.5990283367 2.3951865932
2 5.2147343536 -5.624433729
2 -6.522661363 -1.770230757
2 -6.849177349 -0.814160147
2 4.6279903421 5.2930307011
2 6.0090359834 -4.577653852
2 -2.072714977 5.8789995793
2 10.087155652 3.113979589
2 -2.722811117 -7.800393506
2 -3.138283897 9.4344047252
2 4.822409885 4.1419224789
2 -3.797567292 -6.59479272
2 5.9093267433 3.6417659954
2 0.049731432 -6.624489645
2 -7.031175947 4.9742024884
2 -6.390706082 0.1593478287
2 7.0564640599 4.4764036057
2 -2.475347599 -9.098968956
2 -4.240083267 -7.501989026
2 -8.273031903 -0.522315968
2 -6.474704614 2.2096843154
2 6.297880319 -6.16624072
2 -5.085779784 6.9674302271
2 -0.181820483 -10.1039226
2 1.7252221471 6.7949384812
2 6.4841215523 -2.323849273
2 -3.411494369 6.3072286932
2 7.3670256951 -2.320449937
2 3.1339594882 -6.498171566
2 -3.754668441 -5.953154415
2 10.258485935 3.071561668
2 7.8446131861 -1.640241927
2 -5.943408459 -3.096119971
2 4.5419049741 5.6577147322
2 -5.001093496 -8.024447664
2 -3.06639857 -8.316582172
2 1.5207798023 6.3547343008
2 -6.17943648 -4.362911953
2 8.4023234767 -2.80126812
2 4.5267802234 -7.33802757
2 10.084640916 3.3403618367
2 -7.207049086 2.0485274886
2 6.453687487 1.1013425847
2 6.3009158254 5.5396195829
2 8.5055269516 0.3980213128
2 -7.333583329 4.5440827938
2 7.6843729601 -2.209092066
2 7.5752286099 6.2279792754
2 -0.942275287 7.4010676209
2 -4.740247941 7.0232729152
2 7.2358382817 -0.844667701
2 -4.582900587 6.4205500542
2 3.6243774515 -8.413629872
2 6.7712455581 4.9740139938
2 2.3998363094 -8.554108866
2 -4.97831983 -5.866243518
2 -6.634031308 6.8023604391
2 1.8305280835 -6.439347394
2 8.3397296365 -0.399252785
2 0.1047962475 -7.943033605
2 -8.668323025 3.0933982327
2 -7.791751343 0.6651244112
2 -0.485540856 -8.402238268
2 -5.264122513 2.2442034015
2 -6.862913814 5.2273514374
2 -4.463487239 -7.634390318
2 -6.792742738 0.5076380264
2 3.196930339 7.0096081747
2 7.7593793902 3.3395645338
2 -5.675780174 7.9914198267
2 -5.220200029 -4.897140408
2 5.4780062067 4.5356130734
2 -6.393657226 -0.737448145
2 -4.362235854 5.7927925249
2 8.9673011849 2.0405238424
2 -8.47282239 1.4188181411
2 -4.940803525 3.465735018
2 3.9753148183 -7.176206378
2 5.8163351983 7.2494158394
2 -6.493457055 -1.224082158
2 -5.720808974 -4.821531457
2 -5.127391842 5.9888535692
2 7.9254474774 0.2505955692
2 -4.175427491 -5.74580887
2 -0.664452421 6.6670381738
2 7.2895119429 -4.157321158
2 -5.839072806 -3.269694891
2 5.7006740253 6.0975787443
2 -7.802255256 0.82877373
2 1.0322678439 8.1336626107
2 4.1255005623 7.2580962702
2 8.4324694924 -2.704666276
2 -1.98628564 -6.392582322
2 2.6256698366 -6.326637245
2 7.8505058404 1.7413290623
2 -6.596780819 -1.302274821
2 -6.410764863 -5.390708195
2 5.1511162872 -5.785295303
2 5.2487922053 -6.129477824
2 -6.059171589 6.3587286411
2 1.7677636657 -8.167593099
2 3.9944936159 -7.009208286
2 -5.109083256 -7.480981644
2 -5.409081485 -6.446396158
2 6.8154542395 -1.882409535
2 8.9310439456 -4.392363391
2 7.5424256366 -0.755023058
2 -4.886571569 8.0882934933
2 7.5150696166 6.3447108292
2 -3.744904437 7.3194168514
2 -5.634306358 -7.035558356
2 3.4762624522 -9.398733841
2 -2.870321827 -7.492284463
2 -9.527251215 -1.413571492
2 8.5029331938 3.4919664418
2 2.7262619351 -7.521840545
2 -1.976337774 7.1246686444
2 -5.046301702 -4.850609731
2 6.8496463942 -4.637423233
2 5.9900187055 -5.334786689
2 -2.27753371 6.8394555835
2 7.9291867086 1.1484492287
2 2.4601917462 6.9791864886
2 5.8881946521 -4.56572158
2 -5.916722085 6.9726332931
2 -6.010355907 -6.584686787
2 -6.924873789 -3.215663069
2 5.8060672075 -6.244145835
2 7.1079489525 -2.447252361
2 -3.218449763 6.9643796669
2 7.2102143109 -1.062800123
2 -7.343593523 0.3216522285
2 6.797914132 -3.970029126
2 -0.70992945 -8.243890871
2 5.7174005959 6.6657055222
2 2.6765993312 -8.567617397
2 4.3938056541 -5.33864092
2 6.1302465152 3.7741921021
2 5.4263148788 2.4160387209
2 -7.46313731 -5.639598443
2 -2.99263207 -6.99061242
2 0.2858734241 -9.829983846
2 3.462843613 -5.699256415
2 -6.163894228 4.8255880168
2 6.2854935906 -5.758295885
2 5.6216015437 -3.298301162
2 0.0620804296 -8.510500488
2 -9.485257321 2.9112404752
2 -5.80969489 -4.204259483
2 1.7744797965 -10.3267299
2 -8.355630462 1.8700386961
2 -3.750542585 7.4444196591
2 2.7110651726 6.7591872273
2 3.299726805 7.8786265281
2 -0.829501887 8.6277875483
2 -5.44591387 4.5239405899
2 -1.75480144 7.8501555463
2 5.0304123229 -4.530419445
2 -5.652682178 6.4946836587
2 6.8542938026 1.8590275825
2 6.4283729968 -5.69927406
2 6.2962602439 -3.72232888
2 -10.1858862 -2.491548298
2 7.2551648582 6.0033427289
2 5.4701506682 -6.694581822
2 6.3457693335 5.0001806371
2 2.6226705944 6.3946984654
2 3.6775892813 7.17782437
2 8.664972739 3.9572180722
2 -7.389793475 -0.646433469
2 -7.149846147 1.6310216661
2 -6.1147649 -4.343128861
2 -7.306935121 4.1866885675
2 -7.161506985 3.6653557725
2 6.4437135828 5.0585860621
2 6.7719650145 6.6158319136
2 -5.491603468 -7.385993849
2 9.1839991031 0.1112551805
2 6.4774278327 0.3094849477
2 -1.654466241 6.7683186433
2 9.1985769455 -3.926109713
2 -6.910843218 1.9505810681
2 3.3329312736 -9.126387267
2 8.6140055237 1.3219179276
2 -4.729936406 6.8841322356
2 1.680516103 8.0331645862
2 4.6282601028 -4.575697486
2 5.154916672 8.053808356
2 -7.142806187 -2.361113337
2 -8.580508133 -2.602877013
2 -2.525452154 7.5102347508
2 9.4408014379 1.2940567106
2 0.6213716129 6.9853238949
2 -5.202678336 3.915993131
2 0.8600992696 -8.581457043
2 -1.152036954 -7.537635742
2 8.1727406691 -3.945576661
2 -0.856301906 8.9887854386
2 -5.125704116 4.8424130204
2 3.5686465489 -7.629772168
2 -7.876627496 6.1709192944
2 5.7253648274 -3.395826387
2 3.4534331455 -5.954815387
2 -6.991741497 -0.200854886
2 -7.342306508 -4.402812005
2 -8.389854867 2.0250004561
2 -1.659139355 -7.29161452
2 1.3848131021 -9.13397416
2 -1.672328215 6.5277698957
2 0.443030466 -7.764114104
2 4.5293385645 -6.26368105
2 -6.650304783 0.7992438552
2 6.9633200268 -0.562352739
2 -5.414379042 6.0136340875
2 -4.50553374 -6.776564672
2 -1.786278503 9.9407621086
2 3.5739924378 -7.373414422
2 -8.024582192 -0.389003556
2 1.3204108192 -5.716024447
2 -7.372836491 -5.374367387
2 -6.98136932 4.7861341916
2 6.3316514596 -6.825321905
2 5.6485446759 3.3526547411
2 5.8932739217 -3.350426352
2 -3.005275751 6.5150689815
2 -5.890021062 3.6108260909
2 3.0148425556 -5.358733026
2 -8.003400384 0.9141118485
2 -1.499954673 -6.475033141
2 9.1096681461 2.81364866
2 7.2794794109 -4.147034188
2 -5.212269549 6.4408730334
2 -0.915401129 -9.348483072
2 2.228614744 7.5314401482
2 7.5032624418 0.9982703472
2 -4.743668509 7.5647078588
2 -6.743429893 -6.020020023
2 4.8952563745 6.0418913106
2 -1.28627735 8.8970757229
2 5.5044065057 -6.237714886
2 -5.43270668 5.931855816
2 5.300156529 -5.282693861
2 -5.557534996 -5.22789423
2 -4.697308862 -7.244229758
2 -7.64531505 1.3601552083
2 -3.325933987 -6.888735541
2 -4.304635831 5.4562983538
2 -7.240759593 -5.769284186
2 6.7444335804 -2.438043586
2 -5.464270392 -5.349353996
2 4.7020287591 7.8155712389
2 -9.034954718 1.6866546132
2 1.0330117288 8.7433265304
2 3.9128084129 -6.51139866
2 -8.305528401 1.2466125231
2 4.4782970428 6.5594937919
2 0.867608506 8.2958341636
2 -7.238695754 4.3625753323
2 2.7899614009 -7.888031495
2 6.9126598274 -2.1282357
2 -3.43193453 -4.994637611
2 -7.831068347 -2.307477887
2 7.630030608 -1.533844989
2 -0.524987135 -6.768117459
2 -3.69448634 5.7706808592
2 -8.244306977 0.534647139
2 -8.020387382 1.7460615564
2 -8.441145035 -2.793869468
2 8.7615498242 0.8823146781
2 -7.29283967 -3.922647463
2 0.6586530697 -8.335894593
2 -1.268744267 -9.101741879
2 -2.865524482 8.7202790505
2 3.9664413918 5.6139633053
2 0.7274422865 -7.785356714
2 1.1378330043 -8.48870813
2 4.5532342146 6.3220293026
2 6.2826094676 -5.232004585
2 -4.936680432 5.8683716796
2 5.5176143674 -6.085517134
2 -9.457468469 2.1244005851
2 0.1033723493 -6.501759267
2 -8.302602485 0.1166007292
2 -2.272038809 -9.037756966
2 0.9608977342 8.6163777225
2 -1.246494802 -7.662070544
2 -6.186797576 3.1262050639
2 -3.557077776 -5.738770407
2 -1.087877032 -7.509840332
2 4.260682022 -8.651112387
2 -1.917786356 -8.205365388
2 -3.112823882 6.2491797846
2 -8.201226707 -1.732734515
2 -6.397062859 4.6728523319
2 5.9729859456 -5.332680853
2 -0.609474729 -7.763581082
2 7.2573758668 2.9323900048
2 7.6555581447 2.0889454274
2 -6.268435737 -5.011401497
2 -6.738445084 1.745430968
2 8.7460763336 0.5679328755
2 6.3115076978 -6.093490328
2 -7.698995511 -0.483053121
2 7.9227682353 0.1403296973
2 7.9119490743 -6.142262642
2 -5.19508479 -5.331323647
2 1.6780722926 -7.026703682
2 2.3467446537 -7.424091063
2 2.1028060216 6.8999633619
2 5.1298798069 -4.808702781
2 2.7489777781 -7.877742502
2 5.887860208 6.5038868063
2 -3.587190228 7.5502887094
2 -0.389063076 -9.85908241
2 8.1728338781 1.8492750075
2 -7.177130566 -2.897813497
2 -3.634917305 -5.620389448
2 5.7902652614 -5.456694836
2 4.8193942921 -3.575554914
2 -4.353130456 -5.720145511
2 -0.551542797 -8.33786574
2 8.4091023855 2.57843386
2 0.2444345704 6.9805634568
2 -1.467670788 -5.336543009
2 -8.946058266 -0.411626182
2 -3.953272932 6.1731105289
2 -6.773711914 -3.644251028
2 -9.109532226 0.2249399452
2 1.1840196985 -7.082944334
2 -6.52131657 5.2573659642
2 -6.226818491 -5.39765153
2 -5.630697425 -1.915568062
2 1.3191368347 -7.905693227
2 -4.784509975 -4.238997023
2 -6.795780202 -1.255348028
2 -0.62687977 5.9244663266
2 6.7109856511 -5.205587916
2 -0.612298186 -7.327349112
2 7.36313886 -0.355544974
2 -5.596924848 -4.651413772
2 -2.191251489 8.7517340832
2 -6.346567125 -3.629865199
2 -1.7047182 -6.476355088
2 -4.23813516 6.4007213274
2 8.6128957228 0.2682195305
2 -6.925580905 5.1923172807
2 5.813323039 -0.46241278
2 0.7248360947 -7.210680891
2 -8.376409732 2.1816009937
2 -2.405848218 6.9482518487
2 7.4468500117 -6.095226271
2 -0.610210688 -7.141760224
2 0.577268267 7.1212471784
2 -7.829496721 -0.975245794
2 2.9441907401 -6.446249609
2 -4.586280627 -6.228845991
2 3.259690527 -7.916014789
2 -0.405380403 6.3725952627
2 -7.470343856 -2.980274322
2 -7.08021869 -2.266910447
2 -7.008943872 0.2722946176
2 -3.3230308 7.8532016911
2 -3.285215581 4.9458698384
2 -4.22654352 -5.78012178
2 -0.925464881 6.4054647602
2 -2.778232905 7.3454902894
2 3.9247375414 7.446135204
2 5.9977672588 6.5812755463
2 -8.30844236 2.2532779625
2 6.8144117433 0.0185509687
2 -3.277147766 -6.658052167
2 6.1834789747 -5.506725318
2 5.5855332466 5.5788396686
2 7.4539389745 -4.28398291
2 6.9449098022 -2.919894422
2 3.1163999475 7.3925957579
2 4.0935632429 -7.403760227
2 -3.001631811 6.754890391
2 8.3675915112 -1.205823949
2 3.03677362 5.9986951982
2 -7.725039295 1.6684754846
2 6.2365830081 -1.509535823
2 -4.177973842 7.613679701
2 5.3986710754 5.9202296027
2 -7.9423152 -0.859157248
2 -5.652652507 7.9816297874
2 2.5520917926 -7.314122583
2 -4.539539248 -7.466396887
2 3.3902988895 8.5910402623
2 1.5212773917 -7.694092576
2 -6.78888218 5.0010661797
2 -2.695713293 8.5913017715
2 -6.241115091 7.4727609587
2 7.9009955199 -3.264816223
2 2.3378423375 -7.074839493
2 -5.570009736 -2.71320447
2 -6.377220293 5.6716908272
2 -0.458915286 -8.650566365
2 8.2112498641 2.7033746195
2 -6.568470566 -3.760401326
2 4.5640314143 6.3796551194
2 7.4811890798 -3.751528319
2 -7.351950676 2.9534707629
2 3.0104910891 5.6594276974
2 1.6774607525 -7.80912398
2 8.2099204486 -1.67638958
2 -5.401449895 5.4005499961
2 3.4553766205 -7.410019449
2 5.9608028679 3.3628607601
2 -7.234823704 1.2290040957
2 -6.970579311 5.8186124284
2 -1.305151938 -8.613345934
2 2.1427880089 7.8007903639
2 2.2149628777 -6.931360107
2 3.8651813091 7.1458196172
2 7.4778165279 -2.508046602
2 2.8997283341 6.1560213497
2 6.5200050759 -2.730230546
2 -2.674590314 -6.508389659
2 3.8776095612 6.1739889448
2 6.4196938487 4.6295140482
2 -5.42938972 5.8029451145
2 6.1653168424 5.8997695527
2 5.8446623858 -6.827519122
2 7.9516128687 -4.179739371
2 -7.028513695 -0.811294398
2 -7.058327163 -1.085825636
2 3.7654400239 5.777066214
2 -6.725503172 1.8876062884
2 1.7678743487 8.4389624817
2 0.6774566981 9.7125313138
2 -1.500036344 8.1350301564
2 -7.2348862 2.5762300346
2 0.6736040252 6.4970864981
2 7.4769105138 -0.954119046
2 -7.104468783 1.2481224049
2 4.3604841122 5.0150222789
2 -5.714513774 6.2763341731
2 -8.086347391 -2.072057635
2 -6.361011476 -4.915823208
2 -7.897422131 -4.959242673
2 -6.242657042 -3.742926053
2 -6.691309336 1.4033957666
2 -4.934931874 6.4351093756
2 -0.567214999 8.0709317936
2 6.3880167017 -4.842028283
2 -6.326783679 4.8962200864
2 -4.4951495 5.5160358185
2 1.3393735954 8.3405572975
2 -6.432218522 -3.743011414
2 -7.547940061 -0.546329203
2 2.9360957103 -5.133916095
2 3.6844833135 -7.08864271
2 -8.223450865 1.7928263286
2 2.5373052803 -8.55128311
2 7.0956022588 -3.935794594
2 0.4460869964 -8.007054443
2 -5.547782869 4.4663426295
2 -7.829842761 1.675094424
2 -5.155620917 -3.275831907
2 0.5967222823 9.2116570677
2 -2.030131161 -8.522620071
2 0.2131384373 7.0943282745
2 8.0582029141 5.1760122571
2 -2.428092478 5.9913287986
2 7.1880104926 3.2094381932
2 3.7696132421 -7.546584863
2 -0.796451651 -8.201162447
2 5.2114112065 6.9566105521
2 6.796173299 -1.376088012
2 0.5090157559 7.3971674204
2 2.062792274 6.8407541996
2 -8.60226646 2.8618364801
2 3.7931629696 -5.837884794
2 -0.508979228 -9.44340259
2 -8.144978356 1.5689771886
2 8.7641802283 0.8901257946
2 3.9216406964 6.1447582021
2 -0.636455069 -7.790240167
2 -5.475054301 -5.396975324
2 -4.639060678 6.0202617597
2 8.0040967936 3.182839691
2 0.6531508941 7.7900829816
2 0.1789263059 8.1525576103
2 7.9447507289 4.3244633966
2 -7.686302497 0.2111995942
2 8.1116997355 -2.45870447
2 -5.571202477 -2.943437606
2 -7.702393991 -1.708589422
2 2.9474738779 -7.622908066
2 -2.949305364 6.5492753932
2 -5.140294368 -5.374268103
2 5.6514525624 -5.665779631
2 4.9740919022 5.661456765
2 5.9989314996 0.3513141854
2 6.2255000998 4.0244262326
2 -5.694501286 -2.289499153
2 -5.109472532 -3.669366638
2 4.3592544183 6.7241848759
2 -7.80900753 -3.592923266
2 5.2242557575 6.0183532854
2 -2.489347661 5.3979996355
2 -6.63663972 0.118195005
2 1.0788785274 7.8002923632
2 -4.743422841 -6.978576568
2 6.05963069 5.2001101393
2 1.8276419247 6.9024471346
2 2.6772023065 -7.91096199
2 -6.207004044 6.4670643803
2 -4.56538318 -7.036662936
2 -2.197987509 6.045956734
2 -3.693720054 6.8133542559
2 5.5834290929 -5.275862936
2 9.0260526111 -1.570122189
2 2.9597746616 7.2332555287
2 5.0183932633 -6.892356281
2 7.4923078689 3.7819522142
2 -4.294609912 -5.167344739
2 7.5556337204 2.2554115598
2 -7.792178638 -4.533854312
2 -5.303706693 7.7881061846
2 -8.229724869 -4.852849667
2 4.5997505039 5.4067155564
2 0.7451710668 -8.712126681
2 6.108993348 -4.861774033
2 -3.285769831 -8.688535119
2 6.334226174 -7.637206167
2 -6.560114501 2.5387295154
2 -3.396794012 8.1646917748
2 4.2906103256 7.4187135525
2 -0.145152324 -8.991481815
2 -1.397352613 -8.725671844
2 -4.808085413 9.2468734717
2 1.5612476919 -9.701515275
2 0.6052743872 -6.765584708
2 -0.921582645 -6.838414029
2 6.7382635248 -1.104924895
2 -1.914600864 -6.517282994
2 5.1537358822 -4.545929353
2 -7.470509313 -3.523365174
2 5.9248412086 -4.913691114
2 6.3802469541 -0.351315585
2 -1.545926119 -7.26693712
2 4.3762433717 6.5331441442
2 6.4101121103 2.4874894063
2 -6.162461636 4.3577385413
2 3.849234168 -5.598490929
2 6.6658583733 -0.497110889
2 1.605637976 7.3536978129
2 -4.852968184 -7.17845007
2 4.8876124949 -5.316635078
2 -1.817989296 -6.785157912
2 -3.170001184 -5.617234211
2 -2.816357689 -8.530463479
2 -8.227133593 0.5083125565
2 1.9454710839 -5.698931866
2 1.9840332546 9.0118785165
2 -5.457203102 4.3529435907
2 1.7983226566 -8.669106679
2 4.911845046 6.9580551498
2 4.8593341227 7.5643691822
2 5.4876654585 6.6521970596
2 3.9889168967 -4.054557655
2 8.2309920862 5.9952458267
2 -7.285036723 2.1829710489
2 -7.039705572 -3.768255917
2 2.7820872039 -6.324467679
2 -6.103535074 4.3650899034
2 -8.133695788 1.901897984
2 -6.224783229 1.013905498
2 -3.522654842 -6.662425543
2 -8.608281287 2.0452575549
2 2.7797947018 -5.82084792
2 -3.227193714 -5.205682388
2 -7.388873866 1.535736696
2 -6.598511588 1.0104135291
2 -5.932148426 3.191808801
2 -4.654434785 -2.210783226
2 2.6849524316 -7.219997245
2 -3.686550665 -5.418577746
2 -5.502861393 4.0764277697
2 6.6065391775 -6.143636323
2 1.1359399223 -7.445648566
2 -5.539484081 -6.061892958
2 -3.202290348 6.7448357435
2 -5.353793505 5.7720606209
2 -1.262451466 7.8005144823
2 3.0113831135 7.4037373356
2 5.7560953849 -6.352385087
2 2.1347709506 -6.868281248
2 5.7049341617 3.1279294513
2 -2.526685845 7.2301499636
2 -0.699059511 6.9134559858
2 -4.558520989 -6.252128737
2 -6.503403131 4.3286908472
2 -7.179858444 7.8079446053
2 -0.497167999 8.3652456358
2 -1.897685497 -7.569662129
2 -8.212253164 -1.928696675
2 8.0332177008 -3.273691961
2 6.3876751761 -3.610124568
2 1.6090842642 7.8878578271
2 0.8082276073 -5.729365925
2 3.8453480094 -6.585114055
2 -6.185593286 1.3681594414
2 -4.930125186 3.7806256131
2 -7.891311625 0.4017265624
2 4.1301430406 -5.679964294
2 5.3775169907 -2.387562261
2 -9.259683856 2.7570278684
2 7.8652503112 -2.931428718
2 -3.266826896 5.8799190414
2 -2.612192494 -5.873784076
2 -7.211091239 -3.799486745
2 -0.49100223 -9.72423412
2 2.8475558098 7.0131285811
2 -7.166292255 -3.004607185
2 6.2767548927 -5.865964729
2 -3.787251914 6.9418106369
2 -3.141838988 -7.952788253
2 4.2063462252 -5.803045247
2 -3.573168134 8.3920259557
2 7.9399647685 -3.075379203
2 3.0817874197 6.120329665
2 3.5375137975 -7.156639896
2 0.1187756499 -5.802572719
2 6.3408526793 -6.037118302
2 4.6826318923 -5.861379797
2 -6.422077862 -4.718168563
2 -0.392056794 7.6849076256
2 7.2431245879 -2.356768246
2 -0.552404445 -8.494094045
2 6.1597236294 -8.859143387
2 5.0642157873 7.1459286589
2 -3.786191379 7.8451189066
2 8.2600036739 -0.235289839
2 9.4296163169 -0.422037981
2 1.1411235181 -7.804339137
2 6.3976183548 -5.240248726
2 -0.775821088 7.1947761009
2 3.8425392074 -7.162648521
2 -5.292287123 0.4533371656
2 6.7295730258 -0.654331266
2 -7.426100578 -5.755012704
2 -6.41286371 0.1452542456
2 3.0647266337 -6.372664949
2 2.6842216487 7.5807765071
2 -3.930410634 5.7794654892
2 4.6295120621 -7.965552632
2 -2.348693822 6.8341571516
2 6.2282606679 -4.663090734
2 -2.221156211 7.6381864944
2 -6.419858344 -3.250940929
2 -1.20982276 7.6014560162
2 -3.738641686 -7.714546526
2 6.3192018352 0.1540625707
2 -8.146938696 -1.995307813
2 0.3415756679 -8.884483622
2 -6.035198102 7.3709547939
2 7.2926406685 3.8141547551
2 -8.583846898 4.2118769128
2 -6.652296417 3.4180869769
2 -2.923198735 5.7968061792
2 -7.282022994 2.8167219898
2 0.0868990482 7.3124346451
2 -5.068914269 -4.428567402
2 7.8691139325 -2.960753006
2 4.9707428518 -5.770567059
2 0.6774102773 -7.85436969
2 3.1204753352 -6.880416745
2 7.1540750532 3.9690534941
2 -5.508981417 4.5069464728
2 8.1959012562 -0.436681555
2 -4.838909027 -6.760068081
2 8.7102110529 0.4942098195
2 6.1611469345 5.7079419184
2 8.0466502642 2.2414634238
2 -3.694678104 8.2335138532
2 4.3896802249 -6.43973701
2 2.4166712785 -8.242277724
2 -4.672860634 -5.304879705
2 0.477201672 -8.010681361
2 -8.720992615 -0.021534976
2 -6.669043589 3.0419668082
2 9.4966125495 1.0546200425
2 -0.386054562 7.9515570999
2 -8.496805549 -0.891237188
2 3.4512223452 -7.201082182
2 5.1974582995 -7.222032265
2 7.1853357202 -4.26192359
2 -4.436752664 5.6863718791
2 -9.213179946 -2.49018974
2 -7.326312625 -0.068600353
2 6.872071651 5.0644630171
2 -5.21400825 -7.925637351
2 -9.956247606 -1.645508526
2 6.046911106 5.9303833243
2 -7.865672341 0.7732058312
2 2.1995081943 -7.821699146
2 4.5791648823 5.8346550428
2 -1.152659836 6.8703367059
2 5.79935018 6.2481060732
2 5.9729819129 6.4555937555
2 -1.166217159 7.2612545933
2 -6.896363081 4.4343444665
2 6.5575533347 -1.197491293
2 3.3786125141 -7.301215445
2 -4.149325496 -9.401686737
2 3.2186073157 6.9607669325
2 7.2558253466 -0.463770748
2 -4.428816674 6.5372926046
2 -1.098764888 8.794392797
2 -6.185798708 5.1685407416
2 -7.951167339 0.2370202861
2 6.7745508559 5.252046398
2 -3.649517636 6.0082012124
2 2.4909609592 -7.406146172
2 -5.792396432 -3.041969408
2 9.2484062634 1.3480498024
2 -3.749173717 7.5998386328
2 -5.48323651 -7.133245252
2 3.3643639121 -7.878519187
2 1.2440053551 8.8464876918
2 2.4559160833 -6.793550896
2 -1.431888181 -8.802279318
2 -7.390902459 1.9750491539
2 4.1224914478 -6.868713583
2 -1.737407318 -8.401234705
2 6.7020661465 4.30043381
2 -7.874632243 3.5139402626
2 3.9678923881 6.376600545
2 -4.469984295 7.5260087007
2 -1.000860401 -8.041625819
2 7.3848262268 2.0571471886
2 1.2607960399 -7.998389323
2 -2.091436933 8.7825613454
2 4.0315548993 5.7647424356
2 2.3597804101 7.6026040297
2 -1.179799338 6.5902015223
2 -5.90693982 5.3445151007
2 8.4243663959 1.1467719806
2 3.2602105839 8.8990101084
2 7.1792885622 4.4789810305
2 4.5356834023 5.1225584263
2 -1.436454773 -6.960901455
2 -4.663216813 -5.979020151
2 -8.673942782 -1.27111783
2 -8.630448967 -3.115673126
2 1.6311203452 -6.568779481
2 -2.613998784 -6.729759209
2 -7.223988742 -4.824794089
2 -8.465402018 3.650089731
2 7.2223043409 1.6811602033
2 -2.972548862 6.855051363
2 -5.195676647 3.5631618181
2 7.2347637104 3.6789211833
2 -3.811933973 5.4930624669
2 5.105208168 3.5055002536
2 5.349105712 6.9362479958
2 2.9592524814 7.1167172847
2 8.4208440576 0.666133873
2 -6.546754868 0.8744513581
2 -3.818565377 -7.052006376
2 7.116901896 -5.755572135
2 0.5217680612 8.1324471716
2 8.3601360056 -3.652764632
2 -2.477468265 -7.255733626
2 -4.676118473 6.480579107
2 8.6695497061 -0.312812055
2 7.5806569905 2.213071084
2 -6.691243167 3.9496763553
2 6.7106380213 1.0564741529
2 9.3011592798 0.1878684602
2 1.4760270592 -7.251085936
2 -1.728427151 8.413284459
2 4.4697632774 -5.982332756
2 -5.411222414 -7.034897275
2 -0.108222013 7.4775368566
2 -7.938368781 -5.636585406
2 -5.388288236 -6.139499017
2 -1.739935618 6.9368047727
2 5.2810335902 5.8652062801
2 4.6181038057 5.7021669813
2 -3.922824943 6.737900912
2 -2.831881922 -7.537968173
2 2.799178545 -6.607709173
2 -6.340999054 6.1706626712
2 7.4956071311 -1.532780289
2 -0.926918852 -6.362021581
2 1.010130695 7.6533828046
2 -7.100048369 -0.75539819
2 -8.344937354 -2.274850922
2 6.7632671286 -6.724858767
2 6.4640344586 4.0813331312
2 -8.421377555 -1.319164963
2 -5.468258039 -4.759144111
2 7.7090388577 0.2656307552
2 8.8109408164 -0.543663805
2 -2.944894533 -9.299325645
2 -6.232660402 1.8717740332
2 -0.6598771 6.0898183598
2 6.5409978847 3.9331078685
2 8.865234773 -3.181674354
2 4.8908238295 -3.573516032
2 5.4553074526 5.0516558005
2 5.0374879295 -4.040977275
2 6.3060482136 5.9378717863
2 -0.708778293 6.4025777188
2 -2.330294375 -6.734804428
2 -2.467191767 -9.892775326
2 -4.43516294 6.3980142268
2 -8.408913163 1.6170528281
2 6.8217649473 3.2233006231
2 -8.136678397 -2.125280971
2 -7.873656658 2.9854656915
2 -0.314202935 -7.974262681
2 8.089349638 0.0048820436
2 3.2361422021 -8.553287762
2 -1.517375719 -8.298384334
2 -4.147675721 -6.047098781
2 7.7628789581 -0.392869243
2 5.2576099062 2.1212387907
2 7.5146042518 0.3508466658
2 -7.855872307 1.1743051659
2 1.7627282615 6.6637880002
2 0.3070976682 -7.112417182
2 7.7721673998 -4.200232891
2 6.1249162357 4.2268213095
2 7.724511801 -2.140889166
2 4.5469013519 7.1916177025
2 2.3238713811 -7.648967039
2 -5.673082939 3.3913921967
2 6.7177004701 5.266364971
2 1.488963946 -7.906193807
2 7.888041474 4.1824711039
2 -7.195627715 3.3395691097
2 -2.701197552 -7.90683579
2 9.8474690191 -2.85135927
2 -7.703967181 -5.086142816
2 8.6549667413 2.6907798903
2 -7.733230695 -3.369352698
2 4.2159853839 -6.469007438
2 -5.801330688 6.2090906667
2 -4.936862513 -5.231297444
2 7.4898661816 -2.868595603
2 6.9180685899 -5.976454145
2 2.9003471904 -4.556860972
2 -2.374954773 7.7739237184
2 3.5655104933 -8.203910681
2 8.0533505455 3.9559415756
2 -8.31613771 3.5919392761
2 3.2715495737 -5.085576589
2 9.3869997406 4.1203313666
2 7.0594030378 4.9220244275
2 1.4209259322 6.5738260731
2 -2.720368177 6.664236319
2 2.6666991189 7.33037691
2 -6.688190523 -4.977148039
2 8.7247554824 2.4644435483
2 -4.550765328 4.8575230681
2 -7.985946604 -1.537011087
2 8.6354010293 2.8329930767
2 -9.173040131 -0.949956853
2 -7.360326117 0.6302699515
2 -5.951862239 -2.967974599
2 1.3833597117 10.635754752
2 -5.78354946 5.3749052593
2 2.3197936236 -7.750263482
2 -0.690374974 -8.101853543
2 -5.406531321 6.309402094
2 -2.27897095 5.9875790301
2 6.9782614045 0.317390703
2 5.8360422605 -3.092016579
2 7.8216946431 -0.732931327
2 -1.620090515 -7.040767673
2 1.6084980531 -7.878041862
2 -7.633218297 4.6449816826
2 4.7439149027 7.2838833357
2 7.0072114497 5.5656376065
2 7.0017495887 1.781506494
2 0.2445906476 -8.440151683
2 6.9164778213 -2.908563167
2 -0.704525164 -8.088979304
2 2.3392141438 9.3285616881
2 6.4530170394 7.7139916116
2 8.0643719908 4.6493168141
2 4.1463812172 5.4544321441
2 -7.753909158 1.7084676301
2 6.4557408078 0.0693444899
2 -7.443513652 -3.370253274
2 -3.898663873 7.2112810691
2 3.8175393636 8.5074079024
2 4.6142212183 -3.910200861
2 -7.736943271 -4.850760089
2 -3.40944867 -6.461856966
2 8.9752859592 -2.802949511
2 -1.651655139 10.059988216
2 -6.781485375 -2.344121823
2 -9.122824323 -3.849909699
2 -8.122885337 -0.290928878
2 -4.792669146 6.9912549876
2 7.8246136646 2.3957037529
2 1.9795981527 -8.324659917
2 1.5592495585 7.157457654
2 -4.434172213 -8.469228081
2 -7.359342687 -5.712444943
2 -0.238626214 -8.378038713
2 -8.761357238 0.7769059036
2 -6.918776598 1.9057096427
2 -5.671277506 -7.026762063
2 -7.805165439 0.6260994531
2 1.0535852779 8.3526786654
2 8.9861480741 -0.593517399
2 5.0110372386 -8.668831654
2 4.2146090235 -5.220887342
2 -6.85593246 -5.52368357
2 -4.182034571 -7.926582954
2 -6.611551914 3.6041002817
2 -6.373502355 3.9891564476
2 7.3999744687 -1.445896493
2 -7.704300884 -3.599530078
2 -3.468699675 7.6448640272
2 -6.803299965 1.1215312024
2 8.0067117627 -0.244258048
2 -6.046048829 -7.225070508
2 4.5928916496 5.0161432619
2 8.7569362 1.328178373
2 -2.349266626 5.7408569839
2 -7.219739443 2.3721219813
2 6.3176420289 3.7766120849
2 -5.679224862 -7.117089803
2 5.4675130734 -5.705993805
2 -7.224094538 5.2520696946
2 8.4128882086 -0.281105938
2 -8.52706518 -1.253671938
2 6.7166004199 -4.40534941
2 8.6870798035 0.7620292016
2 6.253465182 -3.011823169
2 -0.712017303 -6.087690245
2 -1.885147474 7.2525397
2 -7.360076476 -2.238566548
2 -3.929584696 -5.627045201
2 -2.084975193 -8.611039541
2 6.1117877859 -4.566706833
2 -4.551279922 -6.819971161
2 -3.291218169 -6.83938804
2 -4.880248027 -6.031066013
2 3.9856640179 -7.781317406
2 -3.234060398 -6.629394138
2 5.4562488059 4.589705439
2 -6.089192059 -6.468240771
2 5.6844693698 7.1116978702
2 9.8344603503 0.8002892983
2 4.1335914952 7.8322055692
2 -1.441571164 -6.879188076
2 9.6214265081 2.4310125199
2 -3.175234081 7.3897164651
2 3.2908855148 -4.888706771
2 3.7460445698 -4.816486374
2 7.362686436 -2.16101834
2 -7.605557559 2.3567404415
2 7.605245398 -3.638784096
2 -9.240870692 3.3768612821
2 -0.401817355 -7.436052464
2 -6.85251436 0.3981321201
2 -6.028297939 -6.133513857
2 2.039891817 8.5363768595
2 8.8360828879 -2.704324555
2 6.6768236252 3.3234302777
2 1.5159254002 -8.613805686
2 4.3696278479 -7.177119305
2 -6.319484551 1.4127758112
2 -2.699515937 -9.171887629
2 0.5757718045 8.5143299746
2 4.7355438248 6.6297591842
2 4.3542687811 7.8270957068
2 7.8827944831 -1.448933101
2 8.3061979946 0.6485090289
2 -2.437150989 -7.037797138
2 4.4518285345 6.7152257494
2 -7.103348685 3.3244891281
2 -7.217161777 -1.87077343
2 3.6113384396 -7.913922767
2 5.1389394188 -6.470928723
2 -9.22216163 4.3508290114
2 4.3026415349 -7.007842553
2 -1.566721613 6.0340960893
2 -1.12524491 -5.973260085
2 5.381651751 -4.627641798
2 0.2949510251 8.2486335793
2 -10.8594972 -1.695563981
2 -6.061640374 -6.685159109
2 -8.648021533 2.0312201513
2 -1.978422599 6.4490951006
2 3.8632741193 6.4103347772
2 9.2036260978 0.6398100263
2 -5.025680308 -6.043841722
2 0.983120713 -6.517874869
2 -4.620148728 6.9727904497
2 -7.880681312 -5.621529862
2 4.845575275 8.3837025215
2 -0.450585225 -7.743001002
2 5.2729663866 -3.706568864
2 -8.871796602 1.4887119166
2 -7.759108219 -5.374325694
2 5.0742385628 -6.442984833
2 3.196562745 7.5168725687
2 -5.893457934 7.8481961343
2 -5.700585124 4.2495782792
2 -4.01752958 6.9125188342
2 -6.395731554 4.5273104209
2 3.7662733767 6.9157840849
2 4.77301071 -9.535604263
2 3.4928988348 5.8573743949
2 4.2423673146 -6.054757343
2 7.1517322033 4.2371138573
2 -7.03448157 5.2631916489
2 2.4536553111 -8.676507077
2 -7.729379701 0.1165655422
2 6.1549455354 -0.323656363
2 5.4534629459 -6.735062249
2 1.7412495826 8.0777459154
2 -2.594255708 8.6927558444
2 3.8328390737 -7.602000336
2 7.8251012717 -0.176507551
2 5.5949497876 -3.441681889
2 -10.11336981 -0.867209021
2 7.6645456522 4.2218929339
2 0.1276053624 9.5156561347
2 -1.321555503 7.036651939
2 6.639253422 0.9573754145
2 8.4370220453 3.3679076119
2 1.0283366114 -8.528062568
2 -7.410625203 5.9709725061
2 -4.652188559 4.9950411252
2 8.5120482156 1.8065352159
2 7.7676275116 2.3024994687
2 6.0804395983 -7.08445877
2 -0.061823182 8.9578078934
2 -4.008193953 5.0212064039
2 -1.725030296 -7.389964774
2 2.2226936854 6.699065661
2 -7.407684647 5.1076834293
2 2.3639382655 7.2025073713
2 7.6539211873 -3.613383911
2 -6.987055306 -3.749130672
2 8.3496979079 2.0636034374
2 -1.538134311 -6.779933633
2 2.8959389683 -6.845624841
2 0.6218954557 7.5981271952
2 6.5196765605 -2.728765553
2 -0.571414492 8.2503700835
2 -4.763542195 -6.202024553
2 5.9407915424 -6.126157906
2 5.7984326997 4.6722882701
2 7.0879014594 3.3613197361
2 8.5410475098 0.6669768884
2 -4.453129056 -4.603926695
2 3.7732514994 -8.090387445
2 6.2099815745 -5.83073169
2 6.3239370325 6.6333377059
2 3.4988469378 -7.789068763
2 7.9243016375 0.3627945359
2 -1.343544469 5.0825711483
2 3.0046466417 -7.783645756
2 -6.146496198 -1.847213177
2 -6.99809554 3.2154740043
2 7.3365211719 5.6888848435
2 -6.202081661 4.9736791979
2 4.3708494812 7.3405320907
2 -8.394396056 2.4104277997
2 9.4879526501 -0.720984684
2 0.4144152011 -7.640572882
2 8.4893018117 -1.234254814
2 8.2024267747 2.3213498373
2 -6.235972263 -1.271291042
2 -3.930495733 7.8258248203
2 -0.23656535 7.4396582093
2 -1.592321714 -9.719770442
2 1.9091155639 -6.538691151
2 -0.965738868 -8.447295018
2 -4.97435733 4.5203332571
2 7.1838246934 -3.4877875
2 -7.880463989 4.1823096501
2 -5.877424883 6.1867669071
2 -0.290469993 -8.190519688
2 -4.782930658 -7.237179758
2 5.2789313562 6.600645169
2 -4.322204307 8.9155305951
2 -6.188893522 -3.212641994
2 5.828792277 5.7924164292
2 1.1449482283 7.9279639163
2 6.2575633548 5.2186140352
2 1.0200968126 8.3417831218
2 -9.952186207 1.1998935394
2 -7.362420927 -3.430311364
2 2.6833390833 6.2647808779
2 -2.770697766 -5.989171424
2 -8.67700066 0.9968132543
2 4.6963313162 -6.696482102
2 -4.678636159 -6.310012978
2 1.3120911318 -7.446471978
2 1.3291505219 -8.850758922
2 8.2948823789 5.7926688724
2 -3.594768858 7.5424080792
2 3.0403099438 -7.558471331
2 7.1953142986 4.4763226604
2 9.2650592621 -0.667580873
2 0.7925844979 -7.843801995
2 8.8561566115 -1.184949681
2 -1.51424482 6.0147186969
2 -0.317110902 9.026553331
2 5.9544044048 -1.711341643
2 -2.134311385 8.2798937888
2 -6.956420406 1.6141432319
2 -5.167079757 -1.369972868
2 -3.464143925 -9.923748126
2 2.4860465578 -8.230707962
2 0.9128488259 -6.718406805
2 1.5591979109 -7.575421911
2 8.9480608459 -1.732057687
2 -7.247471827 3.8515183972
2 3.2425686617 7.6592213926
2 -1.448624242 -7.727641641
2 9.7759114558 1.5081892834
2 -4.888296854 -6.868545952
2 -7.61487089 0.8714363216
2 3.5531259833 -4.817236058
2 -10.17631708 1.2268170426
2 8.3070918903 -4.069933589
2 -4.502251439 -4.254984689
2 -4.970662579 5.0070920915
2 4.0536096053 -6.187277509
2 -6.344382963 -5.150026002
2 1.4893031863 8.4953879957
2 -2.302316676 8.4998460919
2 4.093354697 5.7043332163
2 -8.238735988 0.459295215
2 -8.14550794 -3.174169768
2 -4.279910104 -9.603755809
2 -3.721480901 -7.623661995
2 -8.089837425 -2.712111419
2 7.3000387498 -3.991502758
2 -4.495619955 -7.652477066
2 2.5177411581 -8.510808347
2 -1.265691523 -7.730352613
2 0.8606116234 -8.012119121
2 2.7254793806 -7.234543767
2 -7.01332514 -3.316093849
2 -5.103205203 -5.518616056
2 6.3748098454 -2.870109697
2 5.443870313 -7.063644299
2 7.0658734146 2.8664845924
2 -0.347549978 7.9160021199
2 -3.692850397 7.639363726
2 -4.648587761 4.0456023037
2 6.9253390531 2.1611985661
2 -8.316990113 -0.249076696
2 5.1465858798 -5.170590682
2 -4.217492705 6.1134927005
2 6.4449933067 -6.415332633
2 -8.896329989 0.8356447481
2 -2.005119572 7.3016145418
2 -6.633680708 0.9578889303
2 2.0939889473 -7.325134671
2 4.661961116 -7.051918442
2 2.9122319273 7.5154753526
2 -4.600296798 7.0152340673
2 1.9092495174 -8.092015488
2 6.9908766867 -4.651284227
2 6.6887222573 3.0770257168
2 -8.207626437 2.5774059252
2 1.0636006883 9.4907272997
2 7.8713757097 4.4804175347
2 -5.256805534 7.9865999208
2 -7.309733291 -4.860678145
2 -4.805767093 -5.327562338
2 -7.43734393 4.4895136516
2 2.4304941701 6.8204680626
2 1.0938397415 -7.532492594
2 7.0696287245 -3.581396192
2 -7.315090133 4.9367041969
2 4.3389228203 6.365833296
2 5.7777573251 -2.056736958
2 6.2812934788 5.4270378759
2 -7.971891117 5.7844462924
2 -8.982161675 -2.642127587
2 2.9295637223 6.4198602887
2 -1.716017774 8.3540491779
2 -1.865953131 7.731984462
2 1.9809042914 -9.080091051
2 -9.087495749 1.6398803697
2 -4.937292192 -5.118811364
2 -2.492203741 7.5362703423
2 -5.847680042 -3.226823667
2 -6.873956096 -4.158716241
2 -3.345365434 -7.79477523
2 -7.253390674 -5.643692019
2 7.8343965284 3.5248796402
2 -4.130699049 -7.378819332
2 -4.91535415 -4.360474159
2 -8.027175308 -0.144642951
2 8.101226315 -4.004670834
2 -8.299558878 -0.074246951
2 2.290328615 -8.227457353
2 7.6049628101 -3.624273919
2 6.4152443445 -1.523682527
2 6.6162299331 -3.477811086
2 -1.17939566 -5.889641604
2 -6.409708319 -0.625355349
2 -6.699022332 2.7223956187
2 -7.430887939 -3.922206432
2 -0.82365229 7.3420969689
2 -5.039925946 7.4892118599
2 -5.745919874 -3.734680732
2 6.4403742587 -0.904437757
2 -2.964065948 7.7825821091
2 -7.317838672 3.0217695552
2 6.2618693329 4.8008947189
2 2.6911857857 7.4171699447
2 3.371056545 7.5200991859
2 -7.574827516 -0.197550958
2 -5.572334122 3.2425199367
2 -0.062413514 -8.507282069
2 7.7122503147 -5.669989983
2 5.9897487012 5.6948391762
2 -8.792449275 -3.800804462
2 -2.468639779 -7.73835723
2 0.7204519742 -6.893914966
2 7.8836257713 -6.342796019
2 0.2591453164 -7.458747454
2 6.6588796855 -5.063566671
2 -0.667690089 7.6183799899
2 -8.971676616 -2.360107053
2 1.5052725693 8.9326040353
2 1.1822615854 -8.458235111
2 5.6019634036 6.2129451842
2 7.6863383337 2.164893618
2 -4.324695386 -6.568684134
2 4.38193643 5.1426911369
2 3.4302391172 5.7025645118
2 2.4155120586 -8.227195145
2 -6.808596483 4.5894171043
2 -7.094619738 3.6448486233
2 0.2916454986 8.4066678382
2 -0.574335991 7.9888312327
2 7.8281060945 3.1103273415
2 -6.222427407 1.0885115965
2 -6.688072722 -3.785870656
2 -4.841767392 6.3620954934
2 9.4364514283 1.3515787368
2 -8.097017513 -3.535090253
2 -1.906571182 -7.26437554
2 6.0086258253 -7.102392752
2 6.2696955512 6.1910005963
2 10.083758332 -0.660437509
2 1.7184330346 4.7193615125
2 5.7904648254 -6.984110779
2 -9.944997829 1.4984191012
2 -3.708353951 8.1732129487
2 6.1841161164 -2.427475385
2 -1.772350844 -7.632352131
2 -7.323616324 2.269851409
2 -6.735669863 -0.890118595
2 7.7311976481 3.010991886
2 -3.045437219 -8.75674115
2 0.4811668825 -6.635695159
2 5.3301677626 2.9298327085
2 7.3979532506 2.142792061
2 -2.677009227 6.4978220287
2 6.7788700674 -1.770084055
2 -7.951085404 -3.884191404
2 -2.782571431 -6.50533962
2 8.6199078453 0.8548180765
2 -6.932063004 3.7186109054
2 0.7001863331 -7.933162351
2 8.5825475423 2.000860706
2 5.0869984434 -3.718536363
2 -7.474738838 -4.316003812
2 7.7484720557 -1.428658411
2 8.5967208139 -4.187859199
2 -5.267898581 7.6435488309
2 -7.715703004 1.5439083651
2 -0.176327923 -7.023885156
2 2.8509360736 7.114940867
2 -8.549045459 -3.574361336
2 7.0463475645 4.0672964483
2 1.0834546248 -8.718833258
2 -1.206285266 -8.311906593
2 -6.062969778 4.8026707216
2 3.5131051679 -6.412916312
2 3.7369909494 5.6734633206
2 -1.033304196 -7.701527883
2 -4.653324769 7.217468156
2 7.2100595291 3.3382863369
2 -7.649244471 7.0424865699
2 5.0008136168 7.411541108
2 -8.517278599 1.3367955716
2 5.842034256 -5.929824736
2 4.4638756557 -6.760418162
2 5.8067201191 -2.675901089
2 7.6678270353 5.3611211182
2 -2.929824408 -8.959661708
2 -3.692871014 -7.030851064
2 -7.459771215 -4.481930838
2 -8.769351711 -4.056412804
2 2.5731547414 -6.359803784
2 0.7990610785 -8.45721782
2 -5.426489361 -4.298223542
2 -0.743408595 -9.418312131
2 -2.6069464 7.6833260567
2 -6.036950436 2.421940969
2 2.4729258843 -7.879640078
2 -2.802991664 5.935389051
2 1.9818355779 -7.60968917
2 -5.072824667 -1.414920497
2 7.3502112218 0.974090728
2 7.1949347133 -1.22910268
2 3.5077968706 6.8275188603
2 -8.495264869 0.5454042673
2 0.0465521305 -9.992575041
2 6.0861661293 -4.641374278
2 -0.45562636 -7.277646764
2 5.5736521916 -7.110836259
2 6.7475123617 -6.465228358
2 -0.891815969 9.3161928869
2 0.5070708617 -7.469599214
2 -4.805109637 -5.81328207
2 -7.426428307 -3.940147399
2 2.7569180553 -7.816886627
2 -7.718626232 1.7848102989
2 -7.039746669 -3.859356472
2 -5.44215313 5.9907595128
2 6.0252636416 -0.923137565
2 -7.932444226 -0.431754763
2 9.1897993959 -1.037817977
2 -6.958903037 -3.079205416
2 -6.900708269 -1.427054794
2 -0.596557866 7.5885573404
2 7.8996260567 1.6428268996
2 8.7459234891 3.4089103767
2 3.4278317985 -6.40137012
2 -7.329187922 4.414439412
2 -2.914469708 4.8751864626
2 -3.237705774 7.7568601615
2 -7.378862464 5.9622397566
2 6.0358658539 1.4857050891
2 8.582376751 1.3254383953
2 -0.595877373 -7.455242329
2 4.421860768 -5.275462328
2 4.6254129821 6.2793874927
2 -0.512247328 -9.594224002
2 7.0844603476 -4.349748886
2 -4.367029031 -6.979988703
2 6.8421241163 1.9825584427
2 0.4615092933 7.3997739689
2 0.697139095 9.1941767626
2 7.2322056261 1.3301879934
2 5.1216652753 4.4905933169
2 -5.374096176 -3.672144213
2 2.3540669115 -7.905663065
2 -3.428557667 8.2260124797
2 -0.001572238 -8.595544896
2 -4.086844039 -7.93893728
2 -5.168859983 -4.958602286
2 1.4578844678 -8.078137441
2 -4.727042071 5.936693826
2 7.3920872664 3.1851884333
2 -0.71553907 8.6658036511
2 -5.354980018 5.961995969
2 0.0946399919 -7.886442814
2 -6.021972666 4.2609820386
2 -6.731399764 3.5550169484
2 6.7007879157 0.5140316946
2 6.508484454 -6.089733896
2 -2.562935801 -9.390320696
2 -5.821126323 4.5854690085
2 -6.347099082 6.8312336353
2 7.3439611256 -1.232085809
2 7.3306377422 -4.182920366
2 3.1553521225 7.6570176836
2 4.4628875233 -6.432578246
2 8.0109214956 -1.834972445
2 -6.744359914 -1.748804023
2 8.3945505623 1.2791886381
2 1.5649539435 -6.3152516
2 -3.066457172 -6.287279777
2 7.4255014598 -2.722761823
2 -5.057274779 7.6527003871
2 6.1019708296 2.6713463871
2 6.1440088942 0.3840860991
2 -9.336292657 -3.333751943
2 -7.361902585 -2.980322166
2 -4.099163513 -6.256261582
2 6.1624107965 -6.03814496
2 -6.052322407 3.4375419011
2 -7.739191879 -4.730560258
2 1.2816567573 -6.718691553
2 6.3240335143 7.0399115041
2 -3.905401234 -5.708666229
2 -6.613296785 -3.253396616
2 -0.530125964 -9.030224335
2 1.7821932273 7.3805189582
2 3.032472117 4.6678779784
2 2.0286255765 -10.45775938
2 -3.254815018 9.7808808967
2 -4.742963478 6.6100756872
2 5.8061956298 6.2205944085
2 -7.028121269 -4.007921374
2 4.408768449 -6.115895127
2 -4.694519561 6.5270262949
2 -7.804372731 1.6949097245
2 -3.356781432 6.075962958
2 -5.078396379 8.0279951372
2 7.2362324593 -2.200224588
2 -0.954819427 7.0053996552
2 -7.248499538 1.102202154
2 7.4044197352 -1.700797341
2 -3.214507979 8.2703517018
2 8.0072221575 0.6164697152
2 -5.411201406 -5.262722534
2 -4.533270958 -6.818900125
2 7.703880056 0.685990212
2 0.4940939176 -10.03241943
2 -5.653065774 -8.96302814
2 -1.143677691 -7.417156054
2 -9.854830959 -2.578561343
2 -6.100632572 5.1754758668
2 -7.890811435 -1.015351552
2 -7.612092422 -1.170411884
2 7.5377551852 2.9967897607
2 -5.910824959 -5.01073797
2 0.7977178427 -6.448521223
2 5.1402848506 7.5758997953
2 -6.601684908 1.9035421095
2 -3.2376418 -6.069577285
