1 2.9024114753 -0.03995751
1 2.1982884275 -0.541658827
1 3.1191471825 -0.312116147
1 2.2568288541 -0.043304558
1 1.7029106333 0.015945409
1 1.6311007139 -0.125069587
1 2.3425023824 -0.402079066
1 1.6278594599 -0.397751411
1 2.1703552747 -0.150254902
1 1.3250767422 0.2163524305
1 2.6528581213 0.7125635052
1 1.7920994903 0.8071902711
1 1.471136788 -0.474166336
1 2.47682382 0.1959894708
1 1.9619293604 0.6102784644
1 1.6845792905 -0.317879124
1 1.8299985833 -0.038141818
1 2.4826791893 -0.608349196
1 2.5922450011 -0.171846975
1 2.5451213936 -0.067656534
1 1.3202490336 -1.165668794
1 1.7951568448 0.3271007006
1 2.1996285491 -0.234653169
1 2.4331644591 -0.461861748
1 2.6387312524 -0.726301315
1 2.1744608893 -0.027673661
1 1.386000601 0.0725110045
1 1.5802496186 -0.048131104
1 1.5712086063 0.3824872915
1 2.022504366 0.9641916101
1 1.8267841975 0.8029745598
1 1.4892956216 -0.137326361
1 2.0897514013 -0.410581139
1 2.2370570962 -0.767606461
1 2.3899728133 0.4306346111
1 2.1737474605 0.1698974587
1 1.4690186911 -0.268702602
1 2.286870138 0.3597012583
1 2.6898287572 -0.497219565
1 1.580105892 0.398900576
1 2.6893018813 -0.497334792
1 1.6861957447 -0.061173191
1 2.3681466252 0.4483205787
1 1.7956303168 -0.055735136
1 2.5206223915 -0.49948918
1 1.9738468965 0.7497992556
1 1.6901492688 -0.65610026
1 1.7739754054 -0.476492032
1 0.7575362777 -0.413277473
1 1.9119984855 0.6492394133
1 2.1262949239 0.3495299537
1 1.9742573647 0.0976099622
1 1.244110724 -0.182521713
1 2.1616031137 -0.484607329
1 1.1412625955 0.0571621052
1 2.4971314977 0.4150476644
1 2.4168722746 -0.141285681
1 2.6187581477 0.557232513
1 1.5424216689 -0.167504757
1 1.187374346 -0.402546144
1 2.3855896925 0.1348154543
1 2.2387677203 -0.357816054
1 1.4195416634 -0.117780826
1 1.9217987332 0.0139885024
1 1.4717953582 0.3641464858
1 2.1635551381 0.1763633591
1 2.0617599696 -0.294314912
1 2.1765059317 0.5553377908
1 2.5785952102 -0.46974729
1 1.5397529122 0.6876094803
1 1.615442551 0.1526184525
1 2.1256708064 -0.040184367
1 1.8742644178 -1.118026703
1 2.8700756354 0.3851771387
1 2.0427693899 0.8297930265
1 1.7226226551 0.1706472792
1 2.7781010938 -0.104335595
1 2.0045048009 0.8097083873
1 1.6335012494 -0.155980667
1 2.1142690594 -0.206545733
1 1.8738238002 -0.049410215
1 2.2199031561 0.0731650248
1 2.2416895001 -0.257611103
1 2.2043872302 -0.838177545
1 1.8913733435 0.295706451
1 2.3746547888 -0.154542786
1 2.0676587602 0.7098993505
1 2.6565771677 -0.841136607
1 1.850662745 0.0600443674
1 1.8403637105 -0.329466371
1 2.1044192643 -0.489341648
1 1.9338986153 1.6222004562
1 1.4065446962 0.0649473723
1 2.6276022345 -0.111447287
1 2.0548521803 -0.609144525
1 2.4409838348 0.1138038032
1 1.8872261607 1.0510901986
1 2.0493243993 -0.302333393
1 2.5193671028 0.6015394531
1 2.8774951119 0.8392969373
1 1.0448859968 -1.391597613
1 2.1907754362 -1.105190776
1 2.4546305826 1.0225378446
1 2.1007639358 0.1989656996
1 1.6389281821 -0.141994083
1 1.1224552765 0.4367964146
1 2.153597593 -0.0294796
1 1.476941399 -0.577266011
1 1.9559445833 0.5481354827
1 1.6786754843 0.9944135545
1 1.5459271551 0.2370989425
1 1.984292787 -0.124452948
1 1.7039003634 0.1090447712
1 1.9054986866 0.1662368271
1 1.8493803727 0.7813367613
1 2.0964521599 -0.480146005
1 1.6545714896 -0.120233342
1 1.3447098771 -0.855951938
1 1.6265412349 0.8552693088
1 1.5650766549 0.5952613225
1 0.8501654724 -0.600615945
1 1.2423882524 -0.343181047
1 1.8222435635 0.4798548085
1 2.5476742324 -0.02506897
1 1.9129151038 -0.409012254
1 0.9132132667 -0.630317998
1 2.3420683128 0.1532012296
1 1.6998610863 -0.73911465
1 1.6165855458 0.2239709506
1 2.132126897 -1.281372529
1 2.3968130704 -0.198814071
1 1.9697297082 -0.474698528
1 2.3312518536 0.0445665425
1 2.227064374 0.1283855539
1 1.0277760587 -0.562946653
1 2.5939168614 -0.045172102
1 1.3147512914 0.7080753278
1 2.3721846177 -0.412056055
1 2.1459933404 -0.152394894
1 1.664183543 -0.274079624
1 1.9601038052 0.3035380393
1 2.5433579781 0.1610708503
1 1.5788200186 0.459188291
1 2.428711625 -0.441579481
1 2.3070746434 -0.677012723
1 1.7982362997 0.4193818234
1 1.5719894168 0.1435802461
1 1.5146193326 -0.430497369
1 1.9910233418 0.7766723451
1 1.9458392495 1.1548770662
1 1.5341705485 0.8526899035
1 2.9140253443 0.8163008234
1 1.4681725506 0.1174539176
1 2.2785654376 0.2753431224
1 1.7518789254 -0.12244541
1 2.0537683998 0.2136371632
1 2.2375133852 0.0196137221
1 1.9634670866 0.0396718627
1 1.7362719265 -0.032060873
1 2.9626483898 0.5015100195
1 1.6225219929 0.6323669295
1 1.4611566593 0.0203971583
1 2.2373632277 0.2964562163
1 1.9444466646 -0.124419874
1 1.7497154845 -0.485970018
1 2.4512253995 0.3198832173
1 2.3481390695 0.3000705705
1 1.4865739612 -0.167988232
1 2.1931198803 0.0890885572
1 2.0420975742 0.0640011684
1 1.6634372237 -0.483515201
1 1.8312717121 -0.137763844
1 2.0061060623 0.1826078129
1 2.715293354 -0.763924082
1 1.7161790039 1.5074643839
1 1.3398765042 -0.119330942
1 2.1986768455 -0.181910573
1 1.7718758086 0.0174669867
1 1.8117428986 0.0919660908
1 1.5207815359 -0.343459859
1 3.0534721692 -0.097360807
1 1.2910142723 0.4555690551
1 1.7423304766 -0.8444884
1 1.911105796 0.6149597308
1 1.6973132772 -0.450399686
1 2.1711412743 -0.330113454
1 2.9641370422 -0.120352926
1 1.451179806 -0.195026785
1 1.7745573795 0.0977143791
1 2.5476342086 0.2986619105
1 2.2136540363 -0.641971436
1 1.9247908189 0.0800232344
1 1.9512140175 -0.908307572
1 2.4584663047 0.7312800791
1 2.6654992853 0.1313924006
1 2.0210745089 0.1496018115
1 1.6883800233 0.4871713908
1 0.9164515545 0.7014298458
1 1.9125507217 0.0668574882
1 2.4629988892 -0.385432881
1 1.9381153894 -0.392943438
1 1.9672916596 0.1801232138
1 2.101820177 1.3818772017
1 1.9021555036 -0.383858326
1 1.9281457841 -0.635102218
1 2.1614016117 0.5412702644
1 1.6669690685 -0.001706728
1 1.7544310851 -0.651628532
1 2.2213222111 -0.546699548
1 2.9187041219 0.3620314711
1 2.6336200228 0.4923599561
1 1.7002194395 0.4530946085
1 2.0340384079 0.1763721058
1 1.4488201555 -0.168684975
1 1.3528055825 0.0844679318
1 3.3722012367 -1.191862835
1 1.9325936002 0.3104639459
1 2.0379182764 0.0791770071
1 1.882480086 -0.388964177
1 2.3129323365 -0.500432582
1 2.0217051418 0.2498280089
1 1.7552345955 -1.213652738
1 2.0150285226 0.4935731247
1 2.0235118037 -0.280179471
1 1.746299189 -0.235828802
1 1.1167630601 0.6465988654
1 1.9641434708 0.1093991724
1 1.2611542112 -0.277501381
1 2.4022193148 0.1348423719
1 2.2906574123 0.6897611185
1 1.6732503474 -0.20207664
1 3.1187273712 0.345203716
1 1.9208936897 0.2358785379
1 1.9694053391 -0.345594172
1 1.9439113111 0.7098847334
1 2.0445229795 0.3426569146
1 1.8475755522 -0.251694015
1 2.680095702 1.2204113283
1 2.1619838725 -0.751727765
1 2.1477146692 0.5173812021
1 1.7318895746 -0.1883784
1 1.809395896 -0.68177047
1 1.7316784662 0.0837346296
1 1.7337492332 0.3247332106
1 2.0899843841 0.1347379397
1 1.2989186227 1.1662026897
1 2.0094544972 0.3167559255
1 0.9495461203 -0.063477339
1 2.3038455494 -0.484745949
1 1.9099131943 0.8752297437
1 1.0707076293 -0.430144033
1 2.0428530977 -0.870025257
1 1.4012357041 0.6232983974
1 2.3250130691 0.2189182288
1 2.400673563 -0.74229816
1 1.6086099673 0.1606398335
1 1.5531772466 0.893192163
1 1.9888038068 -0.13289602
1 0.4223079524 -0.021836968
1 1.9445890772 0.2621590169
1 1.6048138885 -0.156018775
1 2.0144463808 0.1100526411
1 1.8697737309 -0.24238535
1 1.9936098644 0.0228234488
1 2.1208827315 -0.130762495
1 2.4420575857 -0.210314638
1 1.5472518267 -0.245661852
1 2.8775490397 -0.006429178
1 1.9031430672 -0.717026786
1 2.488971047 0.335115936
1 3.2484874566 0.4428971216
1 2.3919679578 0.0060193128
1 1.8686101846 -0.488281344
1 1.816146524 0.3537121943
1 2.7796143906 0.5646284744
1 1.20841962 0.4729374403
1 1.614809825 0.2440555627
1 1.4804416647 -1.035441348
1 1.5854327179 -0.31751405
1 2.7513517012 0.1327200639
1 1.9429202694 -0.292752517
1 1.9318648519 0.0364006551
1 2.1191758132 -0.594313303
1 1.1138309356 -0.046904772
1 2.726438155 0.8919427933
1 1.4905410673 0.6157275991
1 2.3036157227 0.2532536073
1 2.2953798251 0.7142179255
1 1.7236840594 0.4160605803
1 1.628081735 0.3271070962
1 1.8861169998 -0.077566348
1 2.0958854989 -0.212500802
1 0.7809569556 0.7447881226
1 2.7887703943 0.6116666247
1 2.4334954816 -0.182357647
1 1.2011887037 0.1617928158
1 1.9815467596 0.8860857819
1 2.5789110379 0.5101924689
1 1.9269338945 0.2023191306
1 2.1601282802 0.7295413895
2 5.5296465741 2.731577321
2 4.483018078 -2.128765773
2 6.9088983105 -1.006555391
2 6.3936996524 0.915697544
2 6.5014608408 -2.526302338
2 5.9392976702 2.9083478797
2 8.0694197319 -4.788792827
2 4.6052698837 -1.077521063
2 6.9336396127 -2.126614086
2 7.4788472466 -3.568783166
2 1.73966273 1.711780709
2 7.7724986279 0.422488746
2 7.9052788337 -0.366728711
2 6.5987824585 -2.305429578
2 5.897666669 1.9021773999
2 1.0145803556 -3.217731635
2 6.2569017186 -1.054316151
2 2.7258068272 -1.982596261
2 4.5395568529 -0.493288315
2 5.3857016856 -0.810845828
2 3.283438273 -1.700711843
2 8.0796190016 -1.441370798
2 2.9204060389 -1.471663435
2 6.751762108 0.5670576412
2 3.9240816441 -1.149877417
2 7.8737504142 -0.11972243
2 -0.631679568 0.8255246152
2 2.9752479107 1.6605956025
2 7.8695179569 1.9975279445
2 8.8109253493 0.5906553059
2 5.949405891 4.1388255939
2 6.621045133 0.3639249727
2 3.6115301489 1.3392724632
2 6.385693319 1.1969937282
2 8.0339418288 -1.446780661
2 5.6363731117 -0.112811219
2 6.1829546518 -2.452841266
2 10.114057566 -0.542086128
2 5.6087702088 0.6259175778
2 6.7566735427 -0.180958941
2 9.0169076219 -2.462028713
2 7.4820268517 -0.781669546
2 6.1777099141 5.4215035895
2 6.3172136338 0.9347341417
2 4.8856251643 -2.963206796
2 5.7193699785 -2.743225425
2 3.3208631989 -3.174019735
2 8.4979407277 0.9927789126
2 4.885202845 2.5285035793
2 5.3485860426 -1.906329747
2 3.9138614749 -1.474906392
2 4.6332594165 -2.964066614
2 6.5087647723 1.220816882
2 8.1921911884 0.3999823286
2 9.3990007285 2.8938014976
2 7.2686614322 1.4622342356
2 5.5473014018 0.6313977328
2 8.2270502094 -4.196798647
2 3.5480860259 0.9553767906
2 2.5897066188 0.2984483404
2 6.8328998957 -0.569281951
2 2.4674573074 -3.319277647
2 8.6623520813 1.871525137
2 7.7546683624 0.0905282845
2 9.717488645 0.297456986
2 4.3462792091 4.2874223892
2 3.780871639 0.4318285585
2 7.2167581308 4.0172042794
2 7.5886421276 -1.141872558
2 4.7879532372 -0.626660707
2 6.0838553098 3.1944804533
2 2.4695808133 -1.29687843
2 5.8747911579 -3.006983541
2 4.4079028683 -3.515318705
2 7.4155279489 1.5048702648
2 2.1849594455 -1.902515286
2 6.4810665477 2.0192543227
2 3.7875056299 0.3431269188
2 6.3820582157 1.2848569788
2 2.1696883918 -1.44526116
2 5.3804025367 1.9961630251
2 8.3767012499 0.5851693177
2 2.9981994877 0.7027733048
2 7.7964939093 -0.068716944
2 4.5980655001 -0.305926164
2 5.1232191809 1.119277342
2 2.7418836506 -0.5837575
2 1.522128515 2.8995264685
2 5.5400883615 3.9313548623
2 7.3890609443 1.3513349191
2 8.0795440368 0.9899733427
2 6.5127594734 0.1280778363
2 5.519332565 -2.052464009
2 6.3631576631 -1.819509354
2 5.6954368054 -0.168224619
2 7.8747025927 -1.422889337
2 11.066132292 -1.374152584
2 8.2042057731 4.2272237491
2 4.7406795029 -0.150864747
2 5.6999338744 3.3961659132
2 2.1343146764 2.5371309269
2 6.8189199282 0.9811759114
2 5.5008884506 1.0316513947
2 5.9890055833 1.8555234006
2 6.7748146045 0.7530977698
2 6.1521398967 -2.234209414
2 7.4710132828 -1.152243197
2 4.8109443133 -2.384829064
2 6.6644569916 -0.824346556
2 7.8849269542 -0.343076068
2 4.8592850374 1.0219834548
2 2.4572066625 -1.11899726
2 4.7921860419 -0.780488624
2 3.5290520693 -2.0874284
2 7.5011655128 -0.703947107
2 5.4367653391 -0.207159553
2 7.7513681763 -0.386513219
2 7.4977109319 -1.95351358
2 12.078380959 -2.412709003
2 5.5718981452 0.1370873086
2 3.161841159 -2.392173677
2 5.678849252 4.2276009859
2 4.7171072467 0.4601205188
2 6.1033863916 -1.29026275
2 7.1341518086 2.7112328129
2 3.5483825133 -0.112893749
2 8.3634680533 2.5768668575
2 6.2917022837 2.3947591598
2 1.2551900976 1.677411814
2 8.0913431254 2.1427837221
2 0.4783593618 -1.218886138
2 4.5956230897 0.5265212954
2 7.9588400095 -1.669128111
2 4.106404361 2.7485359645
2 4.4650730496 -1.409225684
2 7.2784756794 -0.785013085
2 5.4467304998 2.0548437209
2 2.2572821794 3.4458498095
2 5.3166146737 0.2111972816
2 5.041633869 -1.408456619
2 5.1878239293 -0.730838422
2 4.7923510534 0.2237972103
2 8.8598245912 -2.957560525
2 4.9366195896 1.2065595736
2 7.6792296045 0.9935612518
2 7.0614192494 1.2812518408
2 4.8193541944 -2.496288352
2 6.4590581427 -0.781240579
2 8.1409919719 2.0014863098
2 4.2748417639 -0.900010037
2 4.3174770969 5.5788052921
2 6.0799817092 1.1493318615
2 9.3211423445 -0.777330205
2 6.1368027201 1.231556876
2 4.5031830191 -4.241643483
2 3.7142405728 1.4721389981
2 9.2869651804 -0.648768556
2 3.9947761851 0.7719139966
2 8.0829760401 2.5226215807
2 5.5644045051 1.9598859215
2 6.6000104201 2.1992414461
2 7.0025876043 -4.833282568
2 5.3358891218 1.6122712007
2 8.660528878 -4.182557258
2 4.7723022541 -2.824797864
2 4.9933092853 3.6744377732
2 1.4498906482 -1.265561029
2 1.764064109 2.0304398011
2 6.272115075 -0.738484658
2 7.3843955621 3.8351666941
2 10.737277944 2.4774770048
2 7.1977512237 3.1653648219
2 6.2722049957 -2.374203112
2 8.1045393794 1.4897876162
2 4.1206103651 1.2000064633
2 8.3375807655 1.7427778976
2 4.3050565646 0.0160330283
2 7.3046232645 -1.396381343
2 4.9040798427 3.0716269538
2 7.2423843846 2.7753752938
2 0.2078919238 -1.070819426
2 7.2722215141 -0.550613924
2 8.501080271 -1.63819939
2 8.295627486 0.9280009287
2 8.7931088492 1.2643248688
2 6.8818095888 -0.719785563
2 5.9715485382 3.1717959526
2 3.8291590557 -2.779975026
2 4.6442253389 0.2690614856
2 6.8416440995 -0.568022663
2 7.5716057592 -1.960499969
2 5.6800006304 1.4596020911
2 5.0228489443 -0.874359679
2 2.9870484547 2.5444789075
2 9.2556118789 1.7342318416
2 7.4003334731 0.8404928762
2 6.9617256095 5.7313871107
2 5.6779696464 -2.152680601
2 7.9958980983 0.1877054527
2 1.2646181248 -0.402724846
2 4.6947312891 0.403935809
2 2.1710198652 -1.886768825
2 3.2002728949 -5.338777534
2 9.1533757026 -4.830064534
2 4.8569020602 -3.486347028
2 8.0640171222 -0.118195185
2 10.743699264 0.6754117995
2 7.3093054016 -1.50903245
2 5.5151662555 2.7877189138
2 3.7394641119 -0.38310508
2 6.0588496769 0.7933472617
2 6.7137826734 1.1818520714
2 6.5050581513 0.6144398732
2 4.3004834541 -3.157830943
2 9.977812103 -1.190953935
2 5.5548307073 0.7785838751
2 6.1897327506 -1.777485981
2 5.6979152886 -3.185531553
2 1.1203984409 -2.398514098
2 6.8888364467 -0.266371864
2 7.1711598077 -0.212234521
2 6.8561371032 -3.87698655
2 8.7850832605 1.1244820647
2 1.7421246912 -2.57455104
2 4.2897884349 1.6736834511
2 7.0416113614 1.099414413
2 5.5937160839 0.9794095307
2 6.6362780279 1.1065211475
2 7.208668539 -2.381318288
2 3.8432909873 1.1994799496
2 6.1855227865 0.9828562644
2 7.0939610005 -0.604956035
2 6.5714862307 -3.32429494
2 5.2937851555 0.3259646887
2 6.8645275311 3.3492062873
2 6.7240080015 1.5228493489
2 6.0283593562 2.240443215
2 4.7182993718 1.049263477
2 6.1103714315 -0.742664376
2 5.1474562161 0.1409085143
2 9.1194781249 -0.996086137
2 5.3312651387 -1.817669951
2 5.1478683932 -0.430652627
2 7.1558346131 -0.835403188
2 6.5739071141 -0.971496428
2 5.1754495962 5.0469016E-6
2 7.4444010297 -1.337427958
2 7.5003669748 2.3284274732
2 4.2714774492 -2.285805781
2 6.0995311852 -1.059859209
2 4.9063536853 -1.000225209
2 5.4327862669 0.1052416467
2 5.0717700293 -0.793868977
2 7.0668516786 2.2842013953
2 7.1501150049 -1.54983985
2 4.0825668469 3.6466496662
2 3.4603341143 -2.433515006
2 5.7220806531 3.4469142179
2 7.1108088937 -1.11296849
2 4.9095545225 0.2976868977
2 4.3172333469 -1.297089121
2 3.1515801586 -1.206144405
2 5.9588046705 0.9558164917
2 3.923360959 -2.317181188
2 5.9846158562 -1.025180648
2 4.1784407871 -1.331717785
2 7.1002284893 0.7159248382
2 5.4482248205 -2.9001337
2 3.3127862958 0.2114923515
2 4.3630886173 -3.920911912
2 6.111820429 -1.267430379
2 2.0276227515 1.1295274141
2 3.585937632 -4.087783454
2 3.4272672645 -2.418159695
2 5.4218443077 2.1218454472
2 3.4902745384 -3.662459639
2 5.0873141341 -1.54716184
2 6.6339044329 -0.019423244
2 5.4831439874 1.883476651
2 11.23791551 -3.440577027
2 4.3443865897 -0.67755775
2 4.4962964979 1.0747531643
2 7.7635252024 0.1950139949
2 4.8552291478 -1.05023409
2 5.1374790416 -0.278745625
2 4.2784626469 0.6907931749
2 7.4286732543 -2.076198784
2 4.5822732172 -2.566282053
2 2.602612376 -4.051613782
2 7.881068742 2.7815453888
2 2.961936667 -1.330939409
2 5.9818160713 1.9733190026
2 5.5889510768 2.0570191494
2 5.4065645737 2.3052322272
2 4.903020417 -0.961549996
2 6.1687688171 0.4747879438
2 6.3029480161 -3.817033779
2 4.0159614573 3.4459001346
2 2.9149390801 1.696093966
2 7.4076457813 -1.744517266
2 5.4058034487 -1.047551541
2 3.6347575694 1.7505848212
2 4.6196921996 4.2647386883
2 5.3579161259 1.7202955818
2 5.4444234801 -2.4764139
2 5.5651778077 3.7334337395
2 6.753328674 1.0260600329
2 4.0076188933 0.5486028765
2 5.6611346952 0.8584455111
2 5.2261123074 -1.36397992
2 5.1211381837 0.3760696632
2 8.5801017172 0.1321668007
2 6.4988496514 0.6466099702
2 6.3285369691 1.0143377787
2 6.0994578213 2.1794539306
2 7.3069988831 2.3327560826
2 1.0234862794 -3.21290246
2 6.7359058192 3.8489960575
2 7.3213395685 -2.05279754
2 6.2915887464 1.035689472
2 3.5559546772 1.0627192545
2 5.3093579601 -0.29531259
2 4.9192192735 -2.64795788
2 5.4502200543 0.9387075181
2 5.1903361304 1.9201019502
2 6.9370866804 -0.132229686
2 7.0493484475 0.7409297421
2 6.5715373859 -0.832739842
2 4.8225107653 0.6468350901
2 5.1875949403 1.9242102085
2 11.666080836 1.2039071957
2 10.506274786 2.8007993865
2 4.7745577092 0.001083837
2 8.5220853587 0.7460604961
2 9.0309082576 -1.526962331
2 6.8343622516 0.0183642322
2 6.9013418738 -3.581038476
2 6.5265134032 2.4240203788
2 7.3713249333 -1.089047738
2 9.229589183 -0.685484387
2 7.8381620983 0.0001692178
2 5.8359342007 2.4905963025
2 9.0103782788 3.9618391838
2 7.8659400047 0.9778294959
2 8.8858520346 -0.567565749
2 3.5631718643 -1.475914834
2 5.1617981534 -0.428062085
2 4.0101767967 -1.584216033
2 5.4667856097 0.2473007475
2 8.5541990479 1.4522775083
2 3.7239061235 0.4387473677
2 3.736109069 -0.684038935
2 3.5846968771 2.3376552069
2 6.7203156361 1.3931512775
2 8.9462167495 -1.564498547
2 6.6185176193 -1.313631754
2 7.0857302985 -2.892756328
2 6.7727636679 -0.305095521
2 9.7859307079 0.484794289
2 5.3760506104 0.4159587673
2 6.2717285947 -1.540288452
2 9.523012966 -0.31994081
2 4.8817931742 -1.584168773
2 7.2681702786 -3.188362498
2 6.1526766581 -0.670138816
2 7.2186565682 1.6340753568
2 3.3293106854 1.255832284
2 5.2052382408 -0.465113442
2 6.5198645507 -2.083399389
2 5.6722030277 -1.387682977
2 5.2114363263 -1.843366401
2 7.7107184737 0.3221545807
2 7.1358495587 0.9914858252
2 3.5594161027 -2.213776615
2 4.0699850385 -2.810229853
2 4.8822233833 -0.843576288
2 5.9728528911 -1.020017408
2 7.4635300876 -3.63986654
2 5.7952656989 -1.033806737
2 6.1583380458 -1.929652647
2 3.8811395249 1.0093157331
2 7.9082018134 2.4944843223
2 7.3353742556 -1.986938644
2 5.3383451645 -2.249463762
2 5.8441199245 -0.966379197
2 6.1367945297 0.1995100834
2 6.7363053508 -0.080035678
2 5.6782925863 0.187023701
2 4.6056326773 -0.973956897
2 9.8651415717 -2.788355012
2 10.298496002 -2.171293853
2 8.3187582164 2.936236731
2 5.5502003312 -5.096435942
2 8.5194803398 -1.289171651
2 2.236109174 -1.588177825
2 4.0591877589 -1.364563597
2 8.5878673654 2.2220985019
2 3.4492274498 -1.990524566
2 2.2155974891 -0.432607297
2 4.2070442148 -3.494794768
2 6.9945440355 0.0952607832
2 4.8959322301 -0.221998204
2 3.2100212738 2.0632117849
2 1.2503781118 -0.315160682
2 7.2558175818 -3.669023539
2 8.4948098555 1.4671878941
2 7.1843410329 1.024046114
2 7.5690150256 -0.020708954
2 5.0640284027 0.183087851
2 7.5260852395 0.1108895297
2 6.5615389555 1.171440902
2 5.0521766617 -0.85370851
2 7.7920943438 0.098078511
2 3.0873458949 -0.598320252
2 7.685603312 -2.452499383
2 5.545149026 -0.991806752
2 6.7721451312 -5.184793565
2 4.1780783152 -0.595870917
2 4.5442789821 -0.514830604
2 7.7604383841 -0.217561657
2 5.9486823267 1.7866407346
2 3.6081600823 -3.522165476
2 10.632494424 -0.432784896
2 7.7802177566 -3.608303246
2 5.3303976764 2.0221918325
2 1.4352825788 2.5059907341
2 1.6940474201 1.4241917267
2 6.5363265052 -0.916400445
2 3.4989215196 -0.728342651
2 7.5271809932 -1.090396565
2 5.4563345732 4.2951340594
2 9.2281236764 -4.306236657
2 3.4714847752 0.1090363925
2 4.9581261823 1.3982360951
2 5.0983952392 -1.404081904
2 6.2471795498 2.2806102299
2 4.3243038692 1.0069122886
2 5.8741164886 0.2159532779
2 3.4413650741 0.8273550853
2 7.7234797099 -2.150025219
2 5.2070638859 1.8578549849
2 6.2186308231 -1.117546566
2 7.3072311438 0.9597668122
2 5.1847416836 1.7363415987
2 3.7154686363 -2.08532584
2 7.4326583754 0.0571748576
2 6.3533009971 -1.006551725
2 4.3205565328 0.1531161063
2 3.9410695446 5.8322959951
2 3.9583559568 0.0223406611
2 6.2268985037 2.747376194
2 6.670947801 3.1730187029
2 8.6295153249 2.1947424904
2 8.2012379745 2.1499263744
2 7.5848550503 -2.755550277
2 8.8007868207 -1.141318323
2 6.7752762281 -1.887669104
2 7.1143842962 0.377315524
2 7.1789962694 -1.869661521
2 4.8034311147 0.3445757725
2 7.9521524498 3.7168975454
2 5.7202624037 1.4076496637
2 7.5616658725 -1.176993117
2 3.2850804696 2.9372161964
2 8.4484292802 -3.235616763
2 4.636180389 0.9157945436
2 3.2816018577 -0.571421352
2 6.5328789373 -2.578944617
2 4.7766258601 -3.475453888
2 5.7947900003 2.2680075472
2 5.6068431691 -1.999090518
2 2.8229544464 2.2434289744
2 7.4909628074 -1.329583528
2 8.3840610851 -3.070922014
2 8.8770752737 -0.670089209
2 6.9711864124 0.6004002966
2 6.0256509601 3.2952083692
2 4.5322311466 2.6119155792
2 7.6412857681 -0.431678225
2 6.7739817465 -0.406935317
2 4.6762355073 2.56847545
2 5.964611052 -1.924686516
2 9.4199326905 -3.497248909
2 6.1280559707 -0.765449863
2 5.187706818 1.8494512122
2 7.9787162576 0.2980572627
2 4.0414563818 0.3906506805
2 5.448102547 0.1749563681
2 7.685462108 -1.9719575
2 2.9553183403 -0.357706647
2 7.8663204932 -1.972212701
2 3.3251913734 -1.644033621
2 5.7191246485 -3.705984039
2 8.820341064 2.3178064835
2 10.387323924 -1.704292335
2 7.356602842 2.2247659945
2 4.8542243208 -2.007262935
2 4.684262559 -4.525608772
2 5.4719127339 -1.659722223
2 9.1216326015 -0.603901733
2 8.5554615382 -4.386729701
2 4.4398048024 -2.952848995
2 7.6402988981 -0.932826366
2 6.3540228415 1.1137988195
2 1.7600100271 2.6255504415
2 6.5754377812 0.5417631101
2 6.1046221032 4.0196328815
2 3.9660478985 -0.057229359
2 5.0933531918 2.4645821852
2 4.8972074333 -1.034864044
2 7.3697797064 0.2501196576
2 8.8272767866 -0.637945306
2 6.6963746335 2.412220195
2 4.8888299746 2.188511622
2 4.0105987439 -0.719838258
2 5.0376239296 0.2691385224
2 6.5635454354 -1.850785988
2 6.4484817827 2.3373799035
2 7.2628713921 0.0496264036
2 5.0988798999 2.8507032775
2 9.5933965059 -4.747912609
2 3.6824377196 -0.070340813
2 8.2201790631 -0.675502388
2 8.4425773681 -3.506865141
2 7.4695913546 0.9336868313
2 6.4295207596 -2.264752827
2 5.764105235 -2.102844798
2 7.1558048635 1.3802888525
2 7.6700256337 0.9216677218
2 6.490027178 0.3183009103
2 3.0587479658 -0.742667197
2 6.971330321 0.7622932932
2 8.5366137814 -2.647638283
2 7.057964883 3.8153131016
2 7.0977547291 -3.275667889
2 6.1902899285 0.5323774034
2 6.3866636668 1.3188486587
2 4.2469575132 0.2409848832
2 6.5847242231 -0.203668154
2 4.8459271597 -2.875882457
2 7.4670456242 1.0813551254
2 8.6556089554 1.8849949166
2 3.8216637895 -0.132335003
2 4.8167157111 -1.101616897
2 5.3223773061 2.3614324746
2 3.1748514169 1.2521705842
2 4.9747539543 -3.112537049
2 4.5460901986 -0.276441282
2 5.3820458682 3.2954909537
2 3.0930426522 0.026960017
2 3.2049085515 -0.627381976
2 5.4331412218 3.1609975293
2 6.8114958212 0.1897538036
2 5.6173439343 -0.656005188
2 6.0491397489 0.311626931
2 5.8331475841 -5.961224797
2 7.7408274215 -1.711383208
2 6.6980693414 2.2110089408
2 6.2018816808 -1.594389933
2 5.92400272 -1.237192983
2 3.8759257027 4.1354284374
2 1.6223889968 -2.892376022
2 5.031845095 -0.196970629
2 6.1818528002 -0.677942549
2 5.2002965526 -0.406035282
2 4.8085263436 -1.589371431
2 5.2820585325 1.3742015618
2 8.4385485357 -0.96645146
2 5.8059402327 2.437961177
2 1.3547821518 0.3315822981
2 6.3307790735 0.0700827239
2 3.7110587368 0.6883387012
2 9.3625139765 2.4318775398
2 -0.844143185 -0.389080902
2 8.1151655774 -1.361079136
2 7.3921748883 -1.079889564
2 5.2853202785 -1.035947036
2 8.0578981832 0.6967267416
2 7.9571795638 -2.265876324
2 5.5948313519 0.0031646932
2 6.1999624929 0.1291100288
2 3.4667576345 0.1622650495
2 7.2260471008 -1.726894535
2 5.4589905384 2.5865388405
2 7.7834224615 -1.0878615
2 1.9847358788 -2.670190716
2 4.3497139712 -1.637312346
2 8.2361351196 0.3997264339
2 6.8163271786 1.7802627084
2 3.3081251677 2.006531568
2 5.0904075317 -1.134117208
2 4.6051745801 -1.10025254
2 4.4373399209 -0.057835586
2 6.3324534963 -1.906907049
2 7.3530254397 3.9440173739
2 5.0404510115 -0.750394106
2 7.8279549204 -2.066110654
2 8.1570456254 1.0005989742
2 5.0867608614 2.5294009881
2 8.9239567747 -0.880836762
2 6.6460792274 0.0029334865
2 6.4973451728 0.6220300013
2 11.123722014 -2.143817947
2 6.8850693909 -3.094922527
2 5.2713676381 0.8152722714
2 10.952913088 0.6172158976
2 5.9655321335 -2.776206601
2 6.4142013681 -4.181010352
2 7.993910727 0.6168444358
2 7.4474799881 1.8058533196
2 5.1478128835 3.1647225747
2 7.0545851291 4.6646605916
2 3.3747552647 1.7484303126
2 7.4294108177 1.2516839908
2 3.8929653473 -0.191330283
2 6.4801627186 1.4535654297
2 7.9291683623 -1.975190483
2 4.2902136058 2.2373453264
2 3.828030004 4.4814438154
2 7.3592319923 -0.813512606
2 2.4965757404 -1.768629473
2 8.0228217943 -0.495331329
2 6.3363247022 -1.122099208
2 6.0341062714 0.4999859134
2 5.9682252763 0.7244855016
2 6.7799666006 0.5994173832
2 7.8613566638 -4.019993278
2 4.8711237475 -3.786434773
2 7.4903304421 -0.121176325
2 3.3751347532 2.4598654209
2 6.330812125 -0.32197306
2 5.7090545743 0.1668756904
2 1.5081359593 1.9768057448
2 8.4608452573 0.1744644688
2 5.6720732979 3.0107801578
2 9.7412437622 -2.62216721
2 8.1214520835 1.499739564
2 7.6735062173 1.7293887238
2 5.3153140726 -3.094487975
2 4.5738441574 -1.038697734
2 4.4096341412 -4.467044324
2 5.6419206734 1.3926798678
2 8.8870703166 -2.428080912
2 6.5905105987 1.6224400144
2 9.6746623302 -2.688959671
2 2.2078324305 -0.893564648
2 6.2271868466 0.9176564029
2 7.4666644049 0.1268212901
2 6.7572383576 3.7131823313
2 5.3574955763 -1.822167415
2 9.4762510221 0.8978147287
2 7.7547030758 0.4873420511
2 6.222464727 -2.425052316
2 6.7862267717 -1.856950945
2 8.771070283 -4.592654376
2 5.0438201413 0.1646207058
2 1.9635622863 -0.105198933
2 7.7339293007 -1.462883916
2 4.5505883579 -1.081367492
2 5.0162509189 -1.561261179
2 5.9368330961 -1.649176671
2 2.7461083799 0.9818574858
2 4.8238678023 -0.369169489
2 5.3554964472 0.5435946171
2 7.4261448957 -1.262061935
2 4.1017481962 3.2537051998
2 7.9763020202 -0.73808415
2 4.7959580544 -0.214762252
2 6.1775493664 0.2704157501
2 5.3935934782 1.3028888049
2 6.0537839534 -4.284045499
2 5.4916268659 -0.989149561
2 9.5784080211 -1.454884866
2 5.1376859819 2.2620222889
2 7.5246092348 -1.484709787
2 5.2955572603 -1.366818779
2 7.4206995704 2.7320543561
2 3.3289688672 1.8478705929
2 4.7601008632 0.7389933301
2 5.3806834571 2.1584152895
2 11.22824224 -0.958780246
2 9.0948798278 -2.575364921
2 10.03018838 -3.752640865
2 6.4356258773 -0.259623527
2 7.6801383497 -1.373363735
2 5.2761126677 -2.793728022
2 4.0085013155 -0.538263104
2 6.9841031019 3.7407485391
2 6.7374916195 -1.629773166
2 -0.779830812 -0.838750252
2 7.1084866918 1.2874661461
2 6.4227179907 -0.345592571
2 8.0982900387 0.4086208662
2 6.3892730691 0.2147621291
2 7.1530207468 -0.244976387
2 7.155754272 0.9293920205
2 2.8628812717 -3.297150899
2 5.8894395936 -2.749504258
2 5.3518111017 -0.089179062
2 5.1303506688 -1.587728062
2 7.6469180239 -2.090551475
2 11.190200646 -3.226282196
2 7.5760842969 2.4932356847
2 8.6393981965 -0.169437485
2 3.258909087 -0.404036327
2 5.8025796507 1.1858115703
2 4.5761553282 1.1222371964
2 2.4777223148 4.0579961136
2 5.7866630236 -4.227931606
2 2.8790349138 -2.704314202
2 6.7108538397 -1.155437668
2 6.7629302749 2.6131461276
2 7.5609510418 -1.481380432
2 6.6079744031 4.0501502995
2 3.4518119406 1.7014004763
2 4.8393486502 -1.228813581
2 6.7432929285 -1.509394191
2 4.7934899969 -2.825610557
2 5.2790630938 -0.325581589
2 1.5174534985 2.4895875884
2 4.4737743392 -3.693134353
2 5.0321643548 -2.748931799
2 6.4600220522 -1.967327149
2 7.2520327213 -2.242947742
2 7.4571643597 1.1819516767
2 6.7320267588 -3.129311626
2 6.3620308429 0.2026000463
2 6.7671660806 1.1085191405
2 4.7125962475 0.4805869651
2 8.4854654026 0.1230993632
2 5.9221273391 0.7980120993
2 0.6617595093 2.7778729044
2 7.8441638908 0.6568621821
2 8.9764217177 -3.11084547
2 4.1757252251 -0.593209816
2 6.3900997729 1.6018223519
2 8.1943409468 -1.910679121
2 5.2160893297 -2.266659433
2 3.7887610417 -2.758172594
2 9.9675291328 -0.969011223
2 5.1618992594 -0.672430281
2 5.9520261113 2.007835758
2 4.3259376171 0.4164754441
2 5.5459250247 -4.092165456
2 7.0497123328 -4.405717479
2 5.3272057677 -2.159957721
2 0.8562042213 0.5275958447
2 6.1103749118 -1.075913668
2 2.5875139736 0.9962523242
2 8.628355694 1.319430823
2 5.9751577607 -2.222943166
2 0.4705674938 1.9339147932
2 6.1024497327 -3.038615394
2 7.1241557301 2.7108702743
2 10.718076711 1.253928553
2 5.732100421 -0.373134515
2 5.0457499986 1.8625138931
2 10.104693035 -1.594071006
2 8.5061142962 0.6310578723
2 6.5720404075 -1.267140455
2 4.4418121459 0.6619520903
2 6.2123894805 3.0480291624
2 6.3781190099 -3.384577245
2 9.3771925743 -1.495755732
2 6.9073431669 -0.093864624
2 4.4453201474 -2.658767619
2 4.1778303395 -0.4588706
2 5.4260076599 -3.19590078
2 7.0098285338 -1.567908704
2 7.3718726594 0.0183115112
2 7.0765427357 3.5398548911
2 8.3062677896 -0.959554612
2 6.221945275 1.9160251093
2 4.1562327902 2.8098921611
2 4.0810875258 -0.523722518
2 5.9278266326 1.137934639
2 6.2535642155 -3.131414395
2 4.1610931625 1.2816176953
2 5.6870270243 1.013193807
2 4.1520533951 0.7521136819
2 5.158468328 -2.721502459
2 6.3734707621 -2.798744948
2 5.6617692857 1.5808684648
2 7.3036955637 4.7148154174
2 5.5698826128 -0.151779828
2 5.0513110135 0.4225110941
2 6.4769329489 -1.272632036
2 3.0859603488 -1.454501746
2 9.559002464 2.5493849604
2 7.3646742001 0.8194593339
2 9.8425615768 -0.191930389
2 6.7112545396 3.0763072875
2 8.4891475586 1.4239119358
2 4.5637186305 -1.78503475
2 4.0307439991 -2.65475696
2 9.4495480932 1.650751809
2 6.2674132338 -0.09775449
2 6.4257506569 2.7437101107
2 5.9983246962 2.7520852869
2 4.0598177187 -1.470609279
3 3.5107494415 4.4732645609
3 3.0215589478 3.3781530841
3 4.3236430908 5.8376831089
3 2.9503775263 5.0676520463
3 1.8475369836 4.4830329404
3 3.2916284156 2.0281527152
3 3.8010247634 5.5162503009
3 2.4361089246 4.0065593194
3 3.2870828717 3.0599016426
3 3.2781296599 3.1594965534
3 3.977751568 4.265843732
3 3.56351995 2.0311722991
3 3.3884340556 3.0862315121
3 3.5604477306 3.6581876666
3 3.9856646225 2.2064829116
3 3.6474662124 4.7162509895
3 3.2921107842 5.4269240378
3 5.5768137265 3.464865542
3 1.5567623666 6.2433976349
3 3.6364415655 4.9453230386
3 3.046790067 3.2333402934
3 2.6249242779 2.8784566909
3 4.1060118872 3.4724096781
3 3.5243096668 4.0785253039
3 2.6108878585 3.9850038822
3 2.8343129936 3.2794846526
3 1.6758357794 4.0232815003
3 3.6245215774 3.9933854705
3 4.3333938095 3.5382697624
3 2.5773175626 4.4008132366
3 3.2763076681 3.409725327
3 3.2039671038 5.5613179288
3 1.2631709775 4.8993775377
3 3.5960254905 3.5480382228
3 3.2118197576 1.76362428
3 3.9474804332 3.8408698849
3 2.3161468567 3.6745974649
3 3.4363211484 2.6506686403
3 4.1784678553 4.6631840042
3 3.0385821395 5.0080862129
3 4.2748131723 2.7616995243
3 3.4126647822 3.4469831437
3 1.1820038355 5.7947947668
3 3.5996590956 4.9603302907
3 1.4643260629 4.9395867633
3 2.9254663788 3.171800644
3 3.3311362834 4.3098616804
3 1.4810209199 3.3379575474
3 3.1863720789 3.2093674057
3 3.8154771323 4.2222135388
3 3.6237967292 3.3445470491
3 3.0412592872 4.9638290759
3 2.5583608024 3.1993237569
3 4.4140551868 3.2638366546
3 1.6674042176 4.3354606009
3 2.8963530045 3.861772157
3 2.9956934008 5.7724318097
3 1.3273009285 4.4498727649
3 1.727146914 4.4159266653
3 3.2445516547 4.0432549055
3 3.9569737855 3.3005282894
3 2.4485046921 3.8498677943
3 3.3027552111 3.6698272614
3 3.6313339156 5.0608666054
3 3.5021002665 4.692720135
3 3.9560172051 5.0288290242
3 3.0445628724 3.3427352054
3 2.2520004846 3.2198356981
3 3.5601107101 4.0379547276
3 2.3246640967 3.9966020452
3 3.3740839782 4.1209064546
3 2.7255500514 5.7443401085
3 5.1815405028 3.8487777596
3 2.5597460469 3.6192119318
3 2.4097565881 3.8410879637
3 2.4908673527 4.1715722207
3 2.9404961157 3.3777100458
3 3.1731493207 2.9350242096
3 3.0860874316 2.4196664543
3 2.9494356227 4.2534111647
3 4.229633637 3.6679325311
3 3.8707634576 2.623716684
3 0.9756499639 4.0235167365
3 3.1244047335 3.7281382033
3 3.8944437821 5.5256975883
3 2.6462630099 4.2782809337
3 4.4401097153 3.6278138715
3 3.1428775605 5.0287391096
3 3.236705965 3.2276371547
3 2.7994309378 2.1688382049
3 2.407800308 3.6471103229
3 4.1853784831 4.0902088522
3 1.8040835296 4.6814577452
3 4.6323520315 4.2318276517
3 1.9604467446 3.71603505
3 2.3555169819 3.2545436156
3 3.6613363993 2.9100506766
3 3.1729168547 3.2012655094
3 4.9847505358 2.6671884364
3 4.5158977525 4.8004765051
3 2.2563139039 5.0164959555
3 3.8123792376 4.8120420903
3 2.4493386094 3.8148845002
3 2.0746035565 4.2239633124
3 4.0130212164 4.7381315056
3 2.1923566889 4.4510087598
3 3.5574858714 3.8958983954
3 3.3961064652 2.2046771169
3 4.44347254 3.2558722829
3 3.6510124111 4.6291005376
3 2.9758608319 3.1167608195
3 3.1866240984 4.3151112094
3 2.6538750944 3.609026877
3 2.7773441775 4.005539479
3 3.2868525706 4.6903101156
3 4.3653790023 2.9302081364
3 4.2589420366 2.9145690512
3 2.6207898557 3.2020156476
3 3.4933473419 3.8336095268
3 2.6018311613 4.1830580679
3 0.8308291218 4.424436945
3 3.9870786178 5.2252002576
3 1.3347411566 4.4304953571
3 1.9315828756 4.0071033553
3 3.1568385539 3.6806249771
3 1.8958718802 1.9035998575
3 2.583695944 2.8655221788
3 4.3388198322 5.4783301514
3 4.3676912472 4.5180646787
3 4.5635330471 4.2078100321
3 3.4942376524 4.0679843535
3 2.170497342 3.8628621486
3 3.1253508399 1.9956477484
3 3.1343876407 3.5171624317
3 2.0284979309 4.3203798385
3 3.5798937465 5.0164899267
3 3.1926220502 4.5255161686
3 2.4523011578 4.2278452481
3 4.023614467 5.2598669777
3 2.9601303233 5.0595007524
3 1.0830514246 4.7093821028
3 4.9632816461 2.8846111874
3 1.058597924 3.749867737
3 2.9778254528 4.0290127024
3 1.8237881627 2.2069271338
3 4.1577550792 4.3845488376
3 3.6603179489 3.0552541679
3 1.9621896161 1.9017870329
3 3.0137242838 2.545661407
3 2.9069087898 5.23065485
3 2.5999220634 3.7231224157
3 3.5320534036 5.4288004711
3 3.3307406356 3.5916772715
3 1.9776953411 2.365269173
3 4.7401901465 3.5555554099
3 4.9471284651 4.3068679328
3 3.4916506703 3.6163730422
3 2.8083784981 5.9288462312
3 2.2809848755 3.7660140711
3 4.5601033261 4.1850179795
3 2.7138290679 3.1672673987
3 4.0293670904 4.5109922834
3 4.3595309465 5.1330062323
3 3.209756872 4.8652441846
3 2.4950481658 5.6203108821
3 2.8352206501 3.6440766141
3 3.8393035492 4.2707924737
3 2.967825331 4.5240460457
3 3.4623194928 3.5375947874
3 2.9177243494 4.121767366
3 0.9001655134 5.9628455064
3 3.9666356936 2.9856826242
3 4.4976097746 3.0085650489
3 2.5134705613 3.5848700508
3 4.1837040119 4.5136810382
3 2.9277802298 2.7627280421
3 4.2686988677 3.8609514632
3 2.9110956874 3.8475887346
3 3.2376102711 4.5050886829
3 3.0789317824 4.6473610912
3 1.4554994411 4.2472032467
3 3.3598215917 5.9303783121
3 4.838296094 3.301435844
3 4.0026715026 3.5259341003
3 2.8587987313 3.4852344584
3 3.6375022311 4.7164853555
3 3.0607730889 4.317323235
3 3.1894306453 4.1714931241
3 2.0616606338 4.0575448201
3 3.2433315723 3.5973973532
3 2.4170251966 4.6324428389
3 2.0740655328 2.2998349075
3 3.4877830702 2.8992489032
3 2.5476683648 2.7237469945
3 1.3590547703 2.7861350184
3 3.032882193 4.1137816047
3 1.9368858359 4.7376640207
3 3.1187798692 4.7864695974
3 1.5718765738 3.1702065934
3 3.0712994893 3.2058256182
3 3.459271126 3.9434486699
3 3.0246864477 4.4841439943
3 3.7031738198 3.667192287
3 2.9393178711 4.5921393897
3 3.0596393391 4.847204043
3 3.4264833462 3.337905993
3 2.1238206267 4.1037893535
3 3.3428721551 3.3340108428
3 3.1908159317 2.8605887251
3 1.5603883245 2.0679604134
3 3.477674259 4.7824659375
3 2.1242856652 5.0879634844
3 2.7981695551 3.4476614892
3 1.5686281739 3.7915943454
3 2.9952610706 3.2081407149
3 2.44408669 4.993157155
3 2.7620165233 4.1058424661
3 2.9323303027 2.6674504608
3 0.6128240403 3.841375182
3 3.6317023536 3.6657827549
3 1.6470731845 2.0391086159
3 2.7168599112 4.0301982048
3 2.3620379898 2.7309185593
3 4.7235024609 3.4824110338
3 4.073239703 4.0881327835
3 2.6379344455 4.3388355958
3 2.8002167821 5.3417141221
3 1.7401101133 4.2980628665
3 4.3864318333 4.9832548034
3 3.3926497955 3.0775616049
3 3.0357527897 3.900725007
3 2.7927433608 6.0625467125
3 3.1896228317 2.7823962689
3 2.9426088386 4.1201405257
3 2.7182669903 3.4242152338
3 3.8236776609 5.1141274329
3 2.7479846285 4.2346957779
3 3.0441579944 4.5869342209
3 5.483935858 3.8428816957
3 3.4820329136 4.1839072122
3 5.3283370459 3.1436879144
3 3.306976414 6.5224653887
3 3.6595438501 4.2160166477
3 3.890447152 5.1095122807
3 2.2393627296 5.5978646804
3 2.6538262223 2.6207314186
3 4.071480636 3.95104615
3 2.5749503027 2.3585677165
3 3.7059210926 3.5188753013
3 3.2034729981 4.4263792589
3 2.9219082637 2.8273498405
3 1.1337380254 3.5990364476
3 2.6979527859 3.4805039168
3 3.0851211585 2.8772091059
3 4.9252036556 4.005852173
3 3.3030702318 3.4041283167
3 2.4468586252 3.5287470048
3 2.756189129 2.8963790656
3 4.0330101201 4.3110183676
3 3.0255169775 4.3586006132
3 4.6193627446 4.4580720654
3 0.4611343301 4.8289164903
3 2.1463952192 3.7874566476
3 1.4525762386 4.8263684546
3 2.8072395839 3.9241413033
3 2.8367243427 4.033175836
3 3.7025910474 4.7279552538
3 2.8598104484 3.2377500493
3 2.8376784468 5.5784689284
3 3.3906954861 5.197083305
3 1.0472823349 3.6906018578
3 3.1174025439 3.4456058989
3 1.266136335 2.2533652829
3 4.1169128691 2.9297263484
3 3.9868526223 3.2038884075
3 4.4829200868 4.2080440659
3 2.6918758016 3.8998046902
3 2.6010973989 2.4648347422
3 0.7545183172 6.512232471
3 3.1577352285 3.4670125981
3 3.4761137169 4.6609249432
3 2.4583978097 2.9231760794
3 3.3144604263 3.4572331394
3 2.7344763937 3.1384566749
3 3.5331955359 4.1403050062
3 2.0622539738 3.1462489992
3 3.4180632982 3.5781810488
3 3.3935304452 4.3079122309
3 3.2938256221 2.7179707558
3 2.469601552 4.5212140511
3 3.3287900698 2.8497125777
3 4.3856939542 2.7997619351
3 2.86765821 2.7204361389
3 2.9694012774 4.802483445
3 2.8730307065 2.9727629436
3 2.1952373241 5.2264943483
3 4.3075719413 5.3425842307
3 4.3268296393 5.2242533752
3 4.0755039926 3.5217705927
3 1.2450186387 2.8475571775
3 3.3087869078 3.0516023962
3 2.514757417 3.2582293961
3 2.9317955546 3.0159835646
3 2.9449882206 2.4486686734
3 3.0271519772 3.9823139046
3 3.5560712199 4.8276640389
3 2.0932655598 3.8604596646
3 3.5042809037 5.310170029
3 2.8659706555 4.5355648692
3 2.8546042154 2.9875860128
3 2.7365144184 3.2448129132
3 3.6297840385 3.3656896688
3 3.8896795736 4.1115103313
3 2.7168024414 3.381623968
3 1.3485471164 3.2081955775
3 4.6832623713 3.3438541446
3 4.0304977823 1.4846553297
3 1.3013598208 3.2233698978
3 2.9840214947 5.2714849465
3 2.5207254608 3.6962225647
3 2.6125986002 3.2635357748
3 1.5612602132 5.8817884253
3 3.4789917588 4.3346252445
3 3.3537325784 4.2577935922
3 5.0420684359 3.5612205774
3 1.2040983258 4.8970033015
3 4.2848774372 3.9567218218
3 4.0534131565 3.3113942638
3 1.4073494703 2.5684507853
3 3.7137133683 4.0579754221
3 1.8571505767 4.2499484991
3 1.7927351117 3.2047471094
3 0.8417213218 4.3447800603
3 2.0451253277 4.8622362069
3 3.8722221473 2.526940674
3 2.3784877217 4.8391313938
3 3.4936103194 2.8889171483
3 4.0875839438 4.7963714511
3 3.9261606813 3.1366151839
3 1.9198472997 2.1447648198
3 1.2770579706 4.7485518839
3 2.8057666051 5.2153821683
3 2.617002561 2.8957991269
3 4.012483196 6.9136918843
3 2.7853191392 5.4854577491
3 3.0452148692 2.2186829569
3 3.9711111779 4.4279123829
3 1.8106294488 4.0018887036
3 2.8046328115 5.2338685245
3 4.3054589972 4.3974179401
3 3.1457796785 3.3476284962
3 3.7278781766 3.7809463386
3 2.4867038633 2.9456462595
3 3.2060756506 4.4855863767
3 4.4201011193 3.2068986396
3 2.8176239296 4.8691831981
3 3.1815551367 2.2434969905
3 3.6161893572 4.5273912185
3 4.5918232264 2.0196495989
3 1.9499935316 4.1023402357
3 3.1814973955 7.0666286415
3 3.274935135 2.0271877053
3 1.8839690686 3.0140510037
3 2.4055167467 4.3679113294
3 1.7820770163 4.0864114294
3 2.7884068329 4.9050871022
3 2.4162173134 4.9854845554
3 4.6809592893 2.3849024382
3 4.2771714636 5.2302312869
3 2.3825066724 2.9485004331
3 2.5046963321 3.7841085162
3 1.3591180743 2.5912228292
3 3.0397061166 3.9446593881
3 4.3229793997 3.0193024268
3 3.8816879911 3.4786821534
3 2.6261394814 3.9516673561
3 2.6162761016 5.4223720377
3 4.1518984355 3.8607568084
3 3.7492287288 2.6748140405
3 5.9877725704 2.8191877703
3 2.2544286469 4.751910055
3 3.2704661736 3.5209430077
3 1.4933293191 4.8189260647
3 2.5116328935 3.4679685696
3 1.7405146928 5.2171474653
3 2.54352803 4.1399078346
3 1.3819776953 2.8223455562
3 4.0259915403 4.1090691228
3 3.39169355 2.8894687821
3 2.4315158817 4.1011412627
3 1.6621483956 5.557614248
3 3.7241881946 2.1778984456
3 3.2226295811 3.7912576044
3 2.8595828021 5.5931728734
3 3.6109620643 5.7035595699
3 2.84681229 4.0689240091
3 4.1294353012 2.8172479465
3 3.7501906678 2.5404839528
3 3.7665569686 6.1280924812
3 3.2248337252 4.740281487
